r         ur            utheta            w
 0.00200 -70.0625078805 0.0000000000 0.0000000000 
 0.00201 -71.8411708092 0.0000000000 0.0000000000 
 0.00202 -73.6408022074 0.0000000000 0.0000000000 
 0.00204 -75.4609448841 0.0000000000 0.0000000000 
 0.00205 -77.3011565385 0.0000000000 0.0000000000 
 0.00206 -79.1610092002 0.0000000000 0.0000000000 
 0.00207 -81.0400886926 0.0000000000 0.0000000000 
 0.00208 -82.9379941199 0.0000000000 0.0000000000 
 0.00210 -84.8543373749 0.0000000000 0.0000000000 
 0.00211 -86.7887426677 0.0000000000 0.0000000000 
 0.00212 -88.7408460742 0.0000000000 0.0000000000 
 0.00213 -90.7102951030 0.0000000000 0.0000000000 
 0.00214 -92.6967482803 0.0000000000 0.0000000000 
 0.00216 -94.6998747516 0.0000000000 0.0000000000 
 0.00217 -96.7193539001 0.0000000000 0.0000000000 
 0.00218 -98.7548749801 0.0000000000 0.0000000000 
 0.00219 -100.8061367656 0.0000000000 0.0000000000 
 0.00220 -102.8728472127 0.0000000000 0.0000000000 
 0.00222 -104.9547231356 0.0000000000 0.0000000000 
 0.00223 -107.0514898958 0.0000000000 0.0000000000 
 0.00224 -109.1628811030 0.0000000000 0.0000000000 
 0.00225 -111.2886383283 0.0000000000 0.0000000000 
 0.00226 -113.4285108287 0.0000000000 0.0000000000 
 0.00228 -115.5822552816 0.0000000000 0.0000000000 
 0.00229 -117.7496355306 0.0000000000 0.0000000000 
 0.00230 -119.9304223405 0.0000000000 0.0000000000 
 0.00231 -122.1243931620 0.0000000000 0.0000000000 
 0.00232 -124.3313319052 0.0000000000 0.0000000000 
 0.00234 -126.5510287218 0.0000000000 0.0000000000 
 0.00235 -128.7832797958 0.0000000000 0.0000000000 
 0.00236 -131.0278871421 0.0000000000 0.0000000000 
 0.00237 -133.2846584120 0.0000000000 0.0000000000 
 0.00238 -135.5534067068 0.0000000000 0.0000000000 
 0.00240 -137.8339503981 0.0000000000 0.0000000000 
 0.00241 -140.1261129546 0.0000000000 0.0000000000 
 0.00242 -142.4297227752 0.0000000000 0.0000000000 
 0.00243 -144.7446130290 0.0000000000 0.0000000000 
 0.00244 -147.0706215001 0.0000000000 0.0000000000 
 0.00246 -149.4075904386 0.0000000000 0.0000000000 
 0.00247 -151.7553664174 0.0000000000 0.0000000000 
 0.00248 -154.1138001931 0.0000000000 0.0000000000 
 0.00249 -156.4827465731 0.0000000000 0.0000000000 
 0.00250 -158.8620642867 0.0000000000 0.0000000000 
 0.00252 -161.2516158610 0.0000000000 0.0000000000 
 0.00253 -163.6512675013 0.0000000000 0.0000000000 
 0.00254 -166.0608889756 0.0000000000 0.0000000000 
 0.00255 -168.4803535033 0.0000000000 0.0000000000 
 0.00256 -170.9095376475 0.0000000000 0.0000000000 
 0.00258 -173.3483212118 0.0000000000 0.0000000000 
 0.00259 -175.7965871397 0.0000000000 0.0000000000 
 0.00260 -178.2542214181 0.0000000000 0.0000000000 
 0.00261 -180.7211129843 0.0000000000 0.0000000000 
 0.00262 -183.1971536355 0.0000000000 0.0000000000 
 0.00264 -185.6822379422 0.0000000000 0.0000000000 
 0.00265 -188.1762631638 0.0000000000 0.0000000000 
 0.00266 -190.6791291676 0.0000000000 0.0000000000 
 0.00267 -193.1907383504 0.0000000000 0.0000000000 
 0.00268 -195.7109955630 0.0000000000 0.0000000000 
 0.00270 -198.2398080362 0.0000000000 0.0000000000 
 0.00271 -200.7770853106 0.0000000000 0.0000000000 
 0.00272 -203.3227391684 0.0000000000 0.0000000000 
 0.00273 -205.8766835664 0.0000000000 0.0000000000 
 0.00274 -208.4388345728 0.0000000000 0.0000000000 
 0.00276 -211.0091103050 0.0000000000 0.0000000000 
 0.00277 -213.5874308698 0.0000000000 0.0000000000 
 0.00278 -216.1737183057 0.0000000000 0.0000000000 
 0.00279 -218.7678965265 0.0000000000 0.0000000000 
 0.00280 -221.3698912677 0.0000000000 0.0000000000 
 0.00282 -223.9796300336 0.0000000000 0.0000000000 
 0.00283 -226.5970420468 0.0000000000 0.0000000000 
 0.00284 -229.2220581990 0.0000000000 0.0000000000 
 0.00285 -231.8546110034 0.0000000000 0.0000000000 
 0.00286 -234.4946345491 0.0000000000 0.0000000000 
 0.00288 -237.1420644560 0.0000000000 0.0000000000 
 0.00289 -239.7968378319 0.0000000000 0.0000000000 
 0.00290 -242.4588932307 0.0000000000 0.0000000000 
 0.00291 -245.1281706121 0.0000000000 0.0000000000 
 0.00292 -247.8046113019 0.0000000000 0.0000000000 
 0.00294 -250.4881579546 0.0000000000 0.0000000000 
 0.00295 -253.1787545162 0.0000000000 0.0000000000 
 0.00296 -255.8763461887 0.0000000000 0.0000000000 
 0.00297 -258.5808793954 0.0000000000 0.0000000000 
 0.00298 -261.2923017478 0.0000000000 0.0000000000 
 0.00300 -264.0105620125 0.0000000000 0.0000000000 
 0.00301 -266.7356100801 0.0000000000 0.0000000000 
 0.00302 -269.4673969347 0.0000000000 0.0000000000 
 0.00303 -272.2058746243 0.0000000000 0.0000000000 
 0.00305 -274.9509962319 0.0000000000 0.0000000000 
 0.00306 -277.7027158479 0.0000000000 0.0000000000 
 0.00307 -280.4609885429 0.0000000000 0.0000000000 
 0.00308 -283.2257703415 0.0000000000 0.0000000000 
 0.00309 -285.9970181973 0.0000000000 0.0000000000 
 0.00311 -288.7746899677 0.0000000000 0.0000000000 
 0.00312 -291.5587443903 0.0000000000 0.0000000000 
 0.00313 -294.3491410596 0.0000000000 0.0000000000 
 0.00314 -297.1458404045 0.0000000000 0.0000000000 
 0.00315 -299.9488036663 0.0000000000 0.0000000000 
 0.00317 -302.7579928777 0.0000000000 0.0000000000 
 0.00318 -305.5733708420 0.0000000000 0.0000000000 
 0.00319 -308.3949011133 0.0000000000 0.0000000000 
 0.00320 -311.2225479766 0.0000000000 0.0000000000 
 0.00321 -314.0562764295 0.0000000000 0.0000000000 
 0.00323 -316.8960521637 0.0000000000 0.0000000000 
 0.00324 -319.7418415470 0.0000000000 0.0000000000 
 0.00325 -322.5936116062 0.0000000000 0.0000000000 
 0.00326 -325.4513300102 0.0000000000 0.0000000000 
 0.00327 -328.3149650537 0.0000000000 0.0000000000 
 0.00329 -331.1844856417 0.0000000000 0.0000000000 
 0.00330 -334.0598612733 0.0000000000 0.0000000000 
 0.00331 -336.9410620276 0.0000000000 0.0000000000 
 0.00332 -339.8280585485 0.0000000000 0.0000000000 
 0.00333 -342.7208220311 0.0000000000 0.0000000000 
 0.00335 -345.6193242073 0.0000000000 0.0000000000 
 0.00336 -348.5235373332 0.0000000000 0.0000000000 
 0.00337 -351.4334341755 0.0000000000 0.0000000000 
 0.00338 -354.3489879991 0.0000000000 0.0000000000 
 0.00339 -357.2701725547 0.0000000000 0.0000000000 
 0.00341 -360.1969620673 0.0000000000 0.0000000000 
 0.00342 -363.1293312239 0.0000000000 0.0000000000 
 0.00343 -366.0672551627 0.0000000000 0.0000000000 
 0.00344 -369.0107094620 0.0000000000 0.0000000000 
 0.00345 -371.9596701294 0.0000000000 0.0000000000 
 0.00347 -374.9141135914 0.0000000000 0.0000000000 
 0.00348 -377.8740166834 0.0000000000 0.0000000000 
 0.00349 -380.8393566399 0.0000000000 0.0000000000 
 0.00350 -383.8101110847 0.0000000000 0.0000000000 
 0.00351 -386.7862580218 0.0000000000 0.0000000000 
 0.00353 -389.7677758261 0.0000000000 0.0000000000 
 0.00354 -392.7546432349 0.0000000000 0.0000000000 
 0.00355 -395.7468393389 0.0000000000 0.0000000000 
 0.00356 -398.7443435741 0.0000000000 0.0000000000 
 0.00357 -401.7471357136 0.0000000000 0.0000000000 
 0.00359 -404.7551958597 0.0000000000 0.0000000000 
 0.00360 -407.7685044361 0.0000000000 0.0000000000 
 0.00361 -410.7870421804 0.0000000000 0.0000000000 
 0.00362 -413.8107901368 0.0000000000 0.0000000000 
 0.00363 -416.8397296490 0.0000000000 0.0000000000 
 0.00365 -419.8738423533 0.0000000000 0.0000000000 
 0.00366 -422.9131101716 0.0000000000 0.0000000000 
 0.00367 -425.9575153049 0.0000000000 0.0000000000 
 0.00368 -429.0070402274 0.0000000000 0.0000000000 
 0.00369 -432.0616676792 0.0000000000 0.0000000000 
 0.00371 -435.1213806612 0.0000000000 0.0000000000 
 0.00372 -438.1861624288 0.0000000000 0.0000000000 
 0.00373 -441.2559964858 0.0000000000 0.0000000000 
 0.00374 -444.3308665792 0.0000000000 0.0000000000 
 0.00375 -447.4107566937 0.0000000000 0.0000000000 
 0.00377 -450.4956510460 0.0000000000 0.0000000000 
 0.00378 -453.5855340799 0.0000000000 0.0000000000 
 0.00379 -456.6803904610 0.0000000000 0.0000000000 
 0.00380 -459.7802050721 0.0000000000 0.0000000000 
 0.00381 -462.8849630077 0.0000000000 0.0000000000 
 0.00383 -465.9946495701 0.0000000000 0.0000000000 
 0.00384 -469.1092502642 0.0000000000 0.0000000000 
 0.00385 -472.2287507933 0.0000000000 0.0000000000 
 0.00386 -475.3531370546 0.0000000000 0.0000000000 
 0.00387 -478.4823951351 0.0000000000 0.0000000000 
 0.00389 -481.6165113072 0.0000000000 0.0000000000 
 0.00390 -484.7554720249 0.0000000000 0.0000000000 
 0.00391 -487.8992639198 0.0000000000 0.0000000000 
 0.00392 -491.0478737970 0.0000000000 0.0000000000 
 0.00393 -494.2012886319 0.0000000000 0.0000000000 
 0.00395 -497.3594955657 0.0000000000 0.0000000000 
 0.00396 -500.5224819026 0.0000000000 0.0000000000 
 0.00397 -503.6902351059 0.0000000000 0.0000000000 
 0.00398 -506.8627427947 0.0000000000 0.0000000000 
 0.00399 -510.0399927406 0.0000000000 0.0000000000 
 0.00401 -513.2219728644 0.0000000000 0.0000000000 
 0.00402 -516.4086712330 0.0000000000 0.0000000000 
 0.00403 -519.6000760561 0.0000000000 0.0000000000 
 0.00404 -522.7961756835 0.0000000000 0.0000000000 
 0.00405 -525.9969586021 0.0000000000 0.0000000000 
 0.00407 -529.2024134329 0.0000000000 0.0000000000 
 0.00408 -532.4125289280 0.0000000000 0.0000000000 
 0.00409 -535.6272939684 0.0000000000 0.0000000000 
 0.00410 -538.8466975609 0.0000000000 0.0000000000 
 0.00411 -542.0707288357 0.0000000000 0.0000000000 
 0.00413 -545.2993770436 0.0000000000 0.0000000000 
 0.00414 -548.5326315540 0.0000000000 0.0000000000 
 0.00415 -551.7704818518 0.0000000000 0.0000000000 
 0.00416 -555.0129175357 0.0000000000 0.0000000000 
 0.00417 -558.2599283154 0.0000000000 0.0000000000 
 0.00419 -561.5115040095 0.0000000000 0.0000000000 
 0.00420 -564.7676345434 0.0000000000 0.0000000000 
 0.00421 -568.0283099471 0.0000000000 0.0000000000 
 0.00422 -571.2935203528 0.0000000000 0.0000000000 
 0.00423 -574.5632559934 0.0000000000 0.0000000000 
 0.00425 -577.8375071999 0.0000000000 0.0000000000 
 0.00426 -581.1162643998 0.0000000000 0.0000000000 
 0.00427 -584.3995181152 0.0000000000 0.0000000000 
 0.00428 -587.6872589606 0.0000000000 0.0000000000 
 0.00429 -590.9794776416 0.0000000000 0.0000000000 
 0.00431 -594.2761649523 0.0000000000 0.0000000000 
 0.00432 -597.5773117746 0.0000000000 0.0000000000 
 0.00433 -600.8829090755 0.0000000000 0.0000000000 
 0.00434 -604.1929479060 0.0000000000 0.0000000000 
 0.00435 -607.5074193995 0.0000000000 0.0000000000 
 0.00437 -610.8263147697 0.0000000000 0.0000000000 
 0.00438 -614.1496253097 0.0000000000 0.0000000000 
 0.00439 -617.4773423899 0.0000000000 0.0000000000 
 0.00440 -620.8094574570 0.0000000000 0.0000000000 
 0.00441 -624.1459620320 0.0000000000 0.0000000000 
 0.00443 -627.4868477092 0.0000000000 0.0000000000 
 0.00444 -630.8321061549 0.0000000000 0.0000000000 
 0.00445 -634.1817291055 0.0000000000 0.0000000000 
 0.00446 -637.5357083666 0.0000000000 0.0000000000 
 0.00447 -640.8940358117 0.0000000000 0.0000000000 
 0.00449 -644.2567033807 0.0000000000 0.0000000000 
 0.00450 -647.6237030787 0.0000000000 0.0000000000 
 0.00451 -650.9950269751 0.0000000000 0.0000000000 
 0.00452 -654.3706672020 0.0000000000 0.0000000000 
 0.00453 -657.7506159530 0.0000000000 0.0000000000 
 0.00455 -661.1348654827 0.0000000000 0.0000000000 
 0.00456 -664.5234081048 0.0000000000 0.0000000000 
 0.00457 -667.9162361915 0.0000000000 0.0000000000 
 0.00458 -671.3133421723 0.0000000000 0.0000000000 
 0.00459 -674.7147185328 0.0000000000 0.0000000000 
 0.00461 -678.1203578140 0.0000000000 0.0000000000 
 0.00462 -681.5302526110 0.0000000000 0.0000000000 
 0.00463 -684.9443955724 0.0000000000 0.0000000000 
 0.00464 -688.3627793987 0.0000000000 0.0000000000 
 0.00465 -691.7853968421 0.0000000000 0.0000000000 
 0.00467 -695.2122407051 0.0000000000 0.0000000000 
 0.00468 -698.6433038398 0.0000000000 0.0000000000 
 0.00469 -702.0785791469 0.0000000000 0.0000000000 
 0.00470 -705.5180595750 0.0000000000 0.0000000000 
 0.00471 -708.9617381197 0.0000000000 0.0000000000 
 0.00473 -712.4096078228 0.0000000000 0.0000000000 
 0.00474 -715.8616617712 0.0000000000 0.0000000000 
 0.00475 -719.3178930967 0.0000000000 0.0000000000 
 0.00476 -722.7782949747 0.0000000000 0.0000000000 
 0.00477 -726.2428606237 0.0000000000 0.0000000000 
 0.00479 -729.7115833046 0.0000000000 0.0000000000 
 0.00480 -733.1844563197 0.0000000000 0.0000000000 
 0.00481 -736.6614730123 0.0000000000 0.0000000000 
 0.00482 -740.1426267660 0.0000000000 0.0000000000 
 0.00483 -743.6279110036 0.0000000000 0.0000000000 
 0.00485 -747.1173191871 0.0000000000 0.0000000000 
 0.00486 -750.6108448164 0.0000000000 0.0000000000 
 0.00487 -754.1084814292 0.0000000000 0.0000000000 
 0.00488 -757.6102226000 0.0000000000 0.0000000000 
 0.00489 -761.1160619397 0.0000000000 0.0000000000 
 0.00491 -764.6259930949 0.0000000000 0.0000000000 
 0.00492 -768.1400097472 0.0000000000 0.0000000000 
 0.00493 -771.6581056131 0.0000000000 0.0000000000 
 0.00494 -775.1802744428 0.0000000000 0.0000000000 
 0.00495 -778.7065100202 0.0000000000 0.0000000000 
 0.00497 -782.2368061619 0.0000000000 0.0000000000 
 0.00498 -785.7711567171 0.0000000000 0.0000000000 
 0.00499 -789.3095555667 0.0000000000 0.0000000000 
 0.00500 -792.8519966231 0.0000000000 0.0000000000 
 0.00502 -796.3984738296 0.0000000000 0.0000000000 
 0.00503 -799.9489811598 0.0000000000 0.0000000000 
 0.00504 -803.5035126172 0.0000000000 0.0000000000 
 0.00505 -807.0620622348 0.0000000000 0.0000000000 
 0.00506 -810.6246240746 0.0000000000 0.0000000000 
 0.00508 -814.1911922271 0.0000000000 0.0000000000 
 0.00509 -817.7617608109 0.0000000000 0.0000000000 
 0.00510 -821.3363239724 0.0000000000 0.0000000000 
 0.00511 -824.9148758851 0.0000000000 0.0000000000 
 0.00512 -828.4974107494 0.0000000000 0.0000000000 
 0.00514 -832.0839227921 0.0000000000 0.0000000000 
 0.00515 -835.6744062662 0.0000000000 0.0000000000 
 0.00516 -839.2688554500 0.0000000000 0.0000000000 
 0.00517 -842.8672646474 0.0000000000 0.0000000000 
 0.00518 -846.4696281871 0.0000000000 0.0000000000 
 0.00520 -850.0759404222 0.0000000000 0.0000000000 
 0.00521 -853.6861957302 0.0000000000 0.0000000000 
 0.00522 -857.3003885123 0.0000000000 0.0000000000 
 0.00523 -860.9185131930 0.0000000000 0.0000000000 
 0.00524 -864.5405642203 0.0000000000 0.0000000000 
 0.00526 -868.1665360646 0.0000000000 0.0000000000 
 0.00527 -871.7964232191 0.0000000000 0.0000000000 
 0.00528 -875.4302201989 0.0000000000 0.0000000000 
 0.00529 -879.0679215412 0.0000000000 0.0000000000 
 0.00530 -882.7095218046 0.0000000000 0.0000000000 
 0.00532 -886.3550155690 0.0000000000 0.0000000000 
 0.00533 -890.0043974350 0.0000000000 0.0000000000 
 0.00534 -893.6576620242 0.0000000000 0.0000000000 
 0.00535 -897.3148039783 0.0000000000 0.0000000000 
 0.00536 -900.9758179593 0.0000000000 0.0000000000 
 0.00538 -904.6406986489 0.0000000000 0.0000000000 
 0.00539 -908.3094407483 0.0000000000 0.0000000000 
 0.00540 -911.9820389781 0.0000000000 0.0000000000 
 0.00541 -915.6584880780 0.0000000000 0.0000000000 
 0.00542 -919.3387828062 0.0000000000 0.0000000000 
 0.00544 -923.0229179397 0.0000000000 0.0000000000 
 0.00545 -926.7108882736 0.0000000000 0.0000000000 
 0.00546 -930.4026886212 0.0000000000 0.0000000000 
 0.00547 -934.0983138135 0.0000000000 0.0000000000 
 0.00548 -937.7977586991 0.0000000000 0.0000000000 
 0.00550 -941.5010181441 0.0000000000 0.0000000000 
 0.00551 -945.2080870316 0.0000000000 0.0000000000 
 0.00552 -948.9189602615 0.0000000000 0.0000000000 
 0.00553 -952.6336327507 0.0000000000 0.0000000000 
 0.00554 -956.3520994324 0.0000000000 0.0000000000 
 0.00556 -960.0743552562 0.0000000000 0.0000000000 
 0.00557 -963.8003951877 0.0000000000 0.0000000000 
 0.00558 -967.5302142084 0.0000000000 0.0000000000 
 0.00559 -971.2638073155 0.0000000000 0.0000000000 
 0.00560 -975.0011695219 0.0000000000 0.0000000000 
 0.00562 -978.7422958556 0.0000000000 0.0000000000 
 0.00563 -982.4871813597 0.0000000000 0.0000000000 
 0.00564 -986.2358210925 0.0000000000 0.0000000000 
 0.00565 -989.9882101270 0.0000000000 0.0000000000 
 0.00566 -993.7443435506 0.0000000000 0.0000000000 
 0.00568 -997.5042164655 0.0000000000 0.0000000000 
 0.00569 -1001.2678239878 0.0000000000 0.0000000000 
 0.00570 -1005.0351612480 0.0000000000 0.0000000000 
 0.00571 -1008.8062233904 0.0000000000 0.0000000000 
 0.00572 -1012.5810055731 0.0000000000 0.0000000000 
 0.00574 -1016.3595029679 0.0000000000 0.0000000000 
 0.00575 -1020.1417107601 0.0000000000 0.0000000000 
 0.00576 -1023.9276241482 0.0000000000 0.0000000000 
 0.00577 -1027.7172383440 0.0000000000 0.0000000000 
 0.00578 -1031.5105485722 0.0000000000 0.0000000000 
 0.00580 -1035.3075500706 0.0000000000 0.0000000000 
 0.00581 -1039.1082380896 0.0000000000 0.0000000000 
 0.00582 -1042.9126078923 0.0000000000 0.0000000000 
 0.00583 -1046.7206547542 0.0000000000 0.0000000000 
 0.00584 -1050.5323739634 0.0000000000 0.0000000000 
 0.00586 -1054.3477608198 0.0000000000 0.0000000000 
 0.00587 -1058.1668106358 0.0000000000 0.0000000000 
 0.00588 -1061.9895187355 0.0000000000 0.0000000000 
 0.00589 -1065.8158804550 0.0000000000 0.0000000000 
 0.00590 -1069.6458911422 0.0000000000 0.0000000000 
 0.00592 -1073.4795461563 0.0000000000 0.0000000000 
 0.00593 -1077.3168408683 0.0000000000 0.0000000000 
 0.00594 -1081.1577706604 0.0000000000 0.0000000000 
 0.00595 -1085.0023309262 0.0000000000 0.0000000000 
 0.00596 -1088.8505170704 0.0000000000 0.0000000000 
 0.00598 -1092.7023245085 0.0000000000 0.0000000000 
 0.00599 -1096.5577486675 0.0000000000 0.0000000000 
 0.00600 -1100.4167849846 0.0000000000 0.0000000000 
 0.00601 -1104.2794289082 0.0000000000 0.0000000000 
 0.00602 -1108.1456758970 0.0000000000 0.0000000000 
 0.00604 -1112.0155214205 0.0000000000 0.0000000000 
 0.00605 -1115.8889609585 0.0000000000 0.0000000000 
 0.00606 -1119.7659900010 0.0000000000 0.0000000000 
 0.00607 -1123.6466040485 0.0000000000 0.0000000000 
 0.00608 -1127.5307986115 0.0000000000 0.0000000000 
 0.00610 -1131.4185692106 0.0000000000 0.0000000000 
 0.00611 -1135.3099113762 0.0000000000 0.0000000000 
 0.00612 -1139.2048206488 0.0000000000 0.0000000000 
 0.00613 -1143.1032925786 0.0000000000 0.0000000000 
 0.00614 -1147.0053227254 0.0000000000 0.0000000000 
 0.00616 -1150.9109066588 0.0000000000 0.0000000000 
 0.00617 -1154.8200399578 0.0000000000 0.0000000000 
 0.00618 -1158.7327182109 0.0000000000 0.0000000000 
 0.00619 -1162.6489370159 0.0000000000 0.0000000000 
 0.00620 -1166.5686919800 0.0000000000 0.0000000000 
 0.00622 -1170.4919787196 0.0000000000 0.0000000000 
 0.00623 -1174.4187928601 0.0000000000 0.0000000000 
 0.00624 -1178.3491300362 0.0000000000 0.0000000000 
 0.00625 -1182.2829858913 0.0000000000 0.0000000000 
 0.00626 -1186.2203560779 0.0000000000 0.0000000000 
 0.00628 -1190.1612362574 0.0000000000 0.0000000000 
 0.00629 -1194.1056220999 0.0000000000 0.0000000000 
 0.00630 -1198.0535092840 0.0000000000 0.0000000000 
 0.00631 -1202.0048934974 0.0000000000 0.0000000000 
 0.00632 -1205.9597704358 0.0000000000 0.0000000000 
 0.00634 -1209.9181358039 0.0000000000 0.0000000000 
 0.00635 -1213.8799853146 0.0000000000 0.0000000000 
 0.00636 -1217.8453146892 0.0000000000 0.0000000000 
 0.00637 -1221.8141196574 0.0000000000 0.0000000000 
 0.00638 -1225.7863959569 0.0000000000 0.0000000000 
 0.00640 -1229.7621393339 0.0000000000 0.0000000000 
 0.00641 -1233.7413455425 0.0000000000 0.0000000000 
 0.00642 -1237.7240103451 0.0000000000 0.0000000000 
 0.00643 -1241.7101295118 0.0000000000 0.0000000000 
 0.00644 -1245.6996988209 0.0000000000 0.0000000000 
 0.00646 -1249.6927140585 0.0000000000 0.0000000000 
 0.00647 -1253.6891710187 0.0000000000 0.0000000000 
 0.00648 -1257.6890655031 0.0000000000 0.0000000000 
 0.00649 -1261.6923933212 0.0000000000 0.0000000000 
 0.00650 -1265.6991502902 0.0000000000 0.0000000000 
 0.00652 -1269.7093322349 0.0000000000 0.0000000000 
 0.00653 -1273.7229349876 0.0000000000 0.0000000000 
 0.00654 -1277.7399543884 0.0000000000 0.0000000000 
 0.00655 -1281.7603862844 0.0000000000 0.0000000000 
 0.00656 -1285.7842265306 0.0000000000 0.0000000000 
 0.00658 -1289.8114709891 0.0000000000 0.0000000000 
 0.00659 -1293.8421155295 0.0000000000 0.0000000000 
 0.00660 -1297.8761560285 0.0000000000 0.0000000000 
 0.00661 -1301.9135883701 0.0000000000 0.0000000000 
 0.00662 -1305.9544084456 0.0000000000 0.0000000000 
 0.00664 -1309.9986121534 0.0000000000 0.0000000000 
 0.00665 -1314.0461953990 0.0000000000 0.0000000000 
 0.00666 -1318.0971540948 0.0000000000 0.0000000000 
 0.00667 -1322.1514841605 0.0000000000 0.0000000000 
 0.00668 -1326.2091815225 0.0000000000 0.0000000000 
 0.00670 -1330.2702421144 0.0000000000 0.0000000000 
 0.00671 -1334.3346618765 0.0000000000 0.0000000000 
 0.00672 -1338.4024367559 0.0000000000 0.0000000000 
 0.00673 -1342.4735627068 0.0000000000 0.0000000000 
 0.00674 -1346.5480356898 0.0000000000 0.0000000000 
 0.00676 -1350.6258516725 0.0000000000 0.0000000000 
 0.00677 -1354.7070066292 0.0000000000 0.0000000000 
 0.00678 -1358.7914965407 0.0000000000 0.0000000000 
 0.00679 -1362.8793173944 0.0000000000 0.0000000000 
 0.00680 -1366.9704651846 0.0000000000 0.0000000000 
 0.00682 -1371.0649359117 0.0000000000 0.0000000000 
 0.00683 -1375.1627255828 0.0000000000 0.0000000000 
 0.00684 -1379.2638302117 0.0000000000 0.0000000000 
 0.00685 -1383.3682458184 0.0000000000 0.0000000000 
 0.00686 -1387.4759684293 0.0000000000 0.0000000000 
 0.00688 -1391.5869940772 0.0000000000 0.0000000000 
 0.00689 -1395.7013188013 0.0000000000 0.0000000000 
 0.00690 -1399.8189386470 0.0000000000 0.0000000000 
 0.00691 -1403.9398496662 0.0000000000 0.0000000000 
 0.00692 -1408.0640479168 0.0000000000 0.0000000000 
 0.00694 -1412.1915294629 0.0000000000 0.0000000000 
 0.00695 -1416.3222903751 0.0000000000 0.0000000000 
 0.00696 -1420.4563267297 0.0000000000 0.0000000000 
 0.00697 -1424.5936346094 0.0000000000 0.0000000000 
 0.00698 -1428.7342101030 0.0000000000 0.0000000000 
 0.00700 -1432.8780493053 0.0000000000 0.0000000000 
 0.00701 -1437.0251483171 0.0000000000 0.0000000000 
 0.00702 -1441.1755032451 0.0000000000 0.0000000000 
 0.00703 -1445.3291102022 0.0000000000 0.0000000000 
 0.00705 -1449.4859653071 0.0000000000 0.0000000000 
 0.00706 -1453.6460646845 0.0000000000 0.0000000000 
 0.00707 -1457.8094044648 0.0000000000 0.0000000000 
 0.00708 -1461.9759807846 0.0000000000 0.0000000000 
 0.00709 -1466.1457897860 0.0000000000 0.0000000000 
 0.00711 -1470.3188276171 0.0000000000 0.0000000000 
 0.00712 -1474.4950904317 0.0000000000 0.0000000000 
 0.00713 -1478.6745743894 0.0000000000 0.0000000000 
 0.00714 -1482.8572756555 0.0000000000 0.0000000000 
 0.00715 -1487.0431904010 0.0000000000 0.0000000000 
 0.00717 -1491.2323148027 0.0000000000 0.0000000000 
 0.00718 -1495.4246450428 0.0000000000 0.0000000000 
 0.00719 -1499.6201773095 0.0000000000 0.0000000000 
 0.00720 -1503.8189077962 0.0000000000 0.0000000000 
 0.00721 -1508.0208327022 0.0000000000 0.0000000000 
 0.00723 -1512.2259482323 0.0000000000 0.0000000000 
 0.00724 -1516.4342505967 0.0000000000 0.0000000000 
 0.00725 -1520.6457360112 0.0000000000 0.0000000000 
 0.00726 -1524.8604006972 0.0000000000 0.0000000000 
 0.00727 -1529.0782408813 0.0000000000 0.0000000000 
 0.00729 -1533.2992527959 0.0000000000 0.0000000000 
 0.00730 -1537.5234326786 0.0000000000 0.0000000000 
 0.00731 -1541.7507767724 0.0000000000 0.0000000000 
 0.00732 -1545.9812813258 0.0000000000 0.0000000000 
 0.00733 -1550.2149425926 0.0000000000 0.0000000000 
 0.00735 -1554.4517568319 0.0000000000 0.0000000000 
 0.00736 -1558.6917203082 0.0000000000 0.0000000000 
 0.00737 -1562.9348292913 0.0000000000 0.0000000000 
 0.00738 -1567.1810800562 0.0000000000 0.0000000000 
 0.00739 -1571.4304688833 0.0000000000 0.0000000000 
 0.00741 -1575.6829920582 0.0000000000 0.0000000000 
 0.00742 -1579.9386458715 0.0000000000 0.0000000000 
 0.00743 -1584.1974266194 0.0000000000 0.0000000000 
 0.00744 -1588.4593306029 0.0000000000 0.0000000000 
 0.00745 -1592.7243541284 0.0000000000 0.0000000000 
 0.00747 -1596.9924935075 0.0000000000 0.0000000000 
 0.00748 -1601.2637450567 0.0000000000 0.0000000000 
 0.00749 -1605.5381050978 0.0000000000 0.0000000000 
 0.00750 -1609.8155699576 0.0000000000 0.0000000000 
 0.00751 -1614.0961359679 0.0000000000 0.0000000000 
 0.00753 -1618.3797994658 0.0000000000 0.0000000000 
 0.00754 -1622.6665567933 0.0000000000 0.0000000000 
 0.00755 -1626.9564042973 0.0000000000 0.0000000000 
 0.00756 -1631.2493383300 0.0000000000 0.0000000000 
 0.00757 -1635.5453552482 0.0000000000 0.0000000000 
 0.00759 -1639.8444514141 0.0000000000 0.0000000000 
 0.00760 -1644.1466231945 0.0000000000 0.0000000000 
 0.00761 -1648.4518669613 0.0000000000 0.0000000000 
 0.00762 -1652.7601790914 0.0000000000 0.0000000000 
 0.00763 -1657.0715559664 0.0000000000 0.0000000000 
 0.00765 -1661.3859939730 0.0000000000 0.0000000000 
 0.00766 -1665.7034895026 0.0000000000 0.0000000000 
 0.00767 -1670.0240389516 0.0000000000 0.0000000000 
 0.00768 -1674.3476387211 0.0000000000 0.0000000000 
 0.00769 -1678.6742852172 0.0000000000 0.0000000000 
 0.00771 -1683.0039748506 0.0000000000 0.0000000000 
 0.00772 -1687.3367040371 0.0000000000 0.0000000000 
 0.00773 -1691.6724691969 0.0000000000 0.0000000000 
 0.00774 -1696.0112667554 0.0000000000 0.0000000000 
 0.00775 -1700.3530931423 0.0000000000 0.0000000000 
 0.00777 -1704.6979447924 0.0000000000 0.0000000000 
 0.00778 -1709.0458181450 0.0000000000 0.0000000000 
 0.00779 -1713.3967096443 0.0000000000 0.0000000000 
 0.00780 -1717.7506157390 0.0000000000 0.0000000000 
 0.00781 -1722.1075328827 0.0000000000 0.0000000000 
 0.00783 -1726.4674575334 0.0000000000 0.0000000000 
 0.00784 -1730.8303861539 0.0000000000 0.0000000000 
 0.00785 -1735.1963152118 0.0000000000 0.0000000000 
 0.00786 -1739.5652411790 0.0000000000 0.0000000000 
 0.00787 -1743.9371605323 0.0000000000 0.0000000000 
 0.00789 -1748.3120697530 0.0000000000 0.0000000000 
 0.00790 -1752.6899653268 0.0000000000 0.0000000000 
 0.00791 -1757.0708437443 0.0000000000 0.0000000000 
 0.00792 -1761.4547015004 0.0000000000 0.0000000000 
 0.00793 -1765.8415350947 0.0000000000 0.0000000000 
 0.00795 -1770.2313410313 0.0000000000 0.0000000000 
 0.00796 -1774.6241158189 0.0000000000 0.0000000000 
 0.00797 -1779.0198559704 0.0000000000 0.0000000000 
 0.00798 -1783.4185580036 0.0000000000 0.0000000000 
 0.00799 -1787.8202184405 0.0000000000 0.0000000000 
 0.00801 -1792.2248338078 0.0000000000 0.0000000000 
 0.00802 -1796.6324006364 0.0000000000 0.0000000000 
 0.00803 -1801.0429154619 0.0000000000 0.0000000000 
 0.00804 -1805.4563748242 0.0000000000 0.0000000000 
 0.00805 -1809.8727752676 0.0000000000 0.0000000000 
 0.00807 -1814.2921133409 0.0000000000 0.0000000000 
 0.00808 -1818.7143855972 0.0000000000 0.0000000000 
 0.00809 -1823.1395885942 0.0000000000 0.0000000000 
 0.00810 -1827.5677188937 0.0000000000 0.0000000000 
 0.00811 -1831.9987730621 0.0000000000 0.0000000000 
 0.00813 -1836.4327476700 0.0000000000 0.0000000000 
 0.00814 -1840.8696392924 0.0000000000 0.0000000000 
 0.00815 -1845.3094445086 0.0000000000 0.0000000000 
 0.00816 -1849.7521599023 0.0000000000 0.0000000000 
 0.00817 -1854.1977820615 0.0000000000 0.0000000000 
 0.00819 -1858.6463075785 0.0000000000 0.0000000000 
 0.00820 -1863.0977330497 0.0000000000 0.0000000000 
 0.00821 -1867.5520550761 0.0000000000 0.0000000000 
 0.00822 -1872.0092702627 0.0000000000 0.0000000000 
 0.00823 -1876.4693752189 0.0000000000 0.0000000000 
 0.00825 -1880.9323665583 0.0000000000 0.0000000000 
 0.00826 -1885.3982408987 0.0000000000 0.0000000000 
 0.00827 -1889.8669948622 0.0000000000 0.0000000000 
 0.00828 -1894.3386250752 0.0000000000 0.0000000000 
 0.00829 -1898.8131281680 0.0000000000 0.0000000000 
 0.00831 -1903.2905007753 0.0000000000 0.0000000000 
 0.00832 -1907.7707395361 0.0000000000 0.0000000000 
 0.00833 -1912.2538410934 0.0000000000 0.0000000000 
 0.00834 -1916.7398020943 0.0000000000 0.0000000000 
 0.00835 -1921.2286191903 0.0000000000 0.0000000000 
 0.00837 -1925.7202890368 0.0000000000 0.0000000000 
 0.00838 -1930.2148082935 0.0000000000 0.0000000000 
 0.00839 -1934.7121736242 0.0000000000 0.0000000000 
 0.00840 -1939.2123816967 0.0000000000 0.0000000000 
 0.00841 -1943.7154291829 0.0000000000 0.0000000000 
 0.00843 -1948.2213127591 0.0000000000 0.0000000000 
 0.00844 -1952.7300291053 0.0000000000 0.0000000000 
 0.00845 -1957.2415749058 0.0000000000 0.0000000000 
 0.00846 -1961.7559468489 0.0000000000 0.0000000000 
 0.00847 -1966.2731416270 0.0000000000 0.0000000000 
 0.00849 -1970.7931559364 0.0000000000 0.0000000000 
 0.00850 -1975.3159864777 0.0000000000 0.0000000000 
 0.00851 -1979.8416299554 0.0000000000 0.0000000000 
 0.00852 -1984.3700830778 0.0000000000 0.0000000000 
 0.00853 -1988.9013425577 0.0000000000 0.0000000000 
 0.00855 -1993.4354051114 0.0000000000 0.0000000000 
 0.00856 -1997.9722674595 0.0000000000 0.0000000000 
 0.00857 -2002.5119263265 0.0000000000 0.0000000000 
 0.00858 -2007.0543784408 0.0000000000 0.0000000000 
 0.00859 -2011.5996205350 0.0000000000 0.0000000000 
 0.00861 -2016.1476493454 0.0000000000 0.0000000000 
 0.00862 -2020.6984616124 0.0000000000 0.0000000000 
 0.00863 -2025.2520540802 0.0000000000 0.0000000000 
 0.00864 -2029.8084234971 0.0000000000 0.0000000000 
 0.00865 -2034.3675666152 0.0000000000 0.0000000000 
 0.00867 -2038.9294801907 0.0000000000 0.0000000000 
 0.00868 -2043.4941609834 0.0000000000 0.0000000000 
 0.00869 -2048.0616057572 0.0000000000 0.0000000000 
 0.00870 -2052.6318112799 0.0000000000 0.0000000000 
 0.00871 -2057.2047743232 0.0000000000 0.0000000000 
 0.00873 -2061.7804916624 0.0000000000 0.0000000000 
 0.00874 -2066.3589600771 0.0000000000 0.0000000000 
 0.00875 -2070.9401763505 0.0000000000 0.0000000000 
 0.00876 -2075.5241372695 0.0000000000 0.0000000000 
 0.00877 -2080.1108396252 0.0000000000 0.0000000000 
 0.00879 -2084.7002802123 0.0000000000 0.0000000000 
 0.00880 -2089.2924558294 0.0000000000 0.0000000000 
 0.00881 -2093.8873632788 0.0000000000 0.0000000000 
 0.00882 -2098.4849993668 0.0000000000 0.0000000000 
 0.00883 -2103.0853609033 0.0000000000 0.0000000000 
 0.00885 -2107.6884447021 0.0000000000 0.0000000000 
 0.00886 -2112.2942475809 0.0000000000 0.0000000000 
 0.00887 -2116.9027663609 0.0000000000 0.0000000000 
 0.00888 -2121.5139978673 0.0000000000 0.0000000000 
 0.00889 -2126.1279389289 0.0000000000 0.0000000000 
 0.00891 -2130.7445863784 0.0000000000 0.0000000000 
 0.00892 -2135.3639370522 0.0000000000 0.0000000000 
 0.00893 -2139.9859877903 0.0000000000 0.0000000000 
 0.00894 -2144.6107354366 0.0000000000 0.0000000000 
 0.00895 -2149.2381768386 0.0000000000 0.0000000000 
 0.00897 -2153.8683088477 0.0000000000 0.0000000000 
 0.00898 -2158.5011283188 0.0000000000 0.0000000000 
 0.00899 -2163.1366321105 0.0000000000 0.0000000000 
 0.00900 -2167.7748170853 0.0000000000 0.0000000000 
 0.00902 -2172.4156801092 0.0000000000 0.0000000000 
 0.00903 -2177.0592180519 0.0000000000 0.0000000000 
 0.00904 -2181.7054277868 0.0000000000 0.0000000000 
 0.00905 -2186.3543061910 0.0000000000 0.0000000000 
 0.00906 -2191.0058501453 0.0000000000 0.0000000000 
 0.00908 -2195.6600565339 0.0000000000 0.0000000000 
 0.00909 -2200.3169222448 0.0000000000 0.0000000000 
 0.00910 -2204.9764441698 0.0000000000 0.0000000000 
 0.00911 -2209.6386192040 0.0000000000 0.0000000000 
 0.00912 -2214.3034442463 0.0000000000 0.0000000000 
 0.00914 -2218.9709161992 0.0000000000 0.0000000000 
 0.00915 -2223.6410319689 0.0000000000 0.0000000000 
 0.00916 -2228.3137884649 0.0000000000 0.0000000000 
 0.00917 -2232.9891826007 0.0000000000 0.0000000000 
 0.00918 -2237.6672112929 0.0000000000 0.0000000000 
 0.00920 -2242.3478714621 0.0000000000 0.0000000000 
 0.00921 -2247.0311600323 0.0000000000 0.0000000000 
 0.00922 -2251.7170739310 0.0000000000 0.0000000000 
 0.00923 -2256.4056100893 0.0000000000 0.0000000000 
 0.00924 -2261.0967654420 0.0000000000 0.0000000000 
 0.00926 -2265.7905369271 0.0000000000 0.0000000000 
 0.00927 -2270.4869214866 0.0000000000 0.0000000000 
 0.00928 -2275.1859160655 0.0000000000 0.0000000000 
 0.00929 -2279.8875176128 0.0000000000 0.0000000000 
 0.00930 -2284.5917230807 0.0000000000 0.0000000000 
 0.00932 -2289.2985294250 0.0000000000 0.0000000000 
 0.00933 -2294.0079336050 0.0000000000 0.0000000000 
 0.00934 -2298.7199325836 0.0000000000 0.0000000000 
 0.00935 -2303.4345233269 0.0000000000 0.0000000000 
 0.00936 -2308.1517028049 0.0000000000 0.0000000000 
 0.00938 -2312.8714679906 0.0000000000 0.0000000000 
 0.00939 -2317.5938158609 0.0000000000 0.0000000000 
 0.00940 -2322.3187433959 0.0000000000 0.0000000000 
 0.00941 -2327.0462475791 0.0000000000 0.0000000000 
 0.00942 -2331.7763253978 0.0000000000 0.0000000000 
 0.00944 -2336.5089738423 0.0000000000 0.0000000000 
 0.00945 -2341.2441899066 0.0000000000 0.0000000000 
 0.00946 -2345.9819705881 0.0000000000 0.0000000000 
 0.00947 -2350.7223128876 0.0000000000 0.0000000000 
 0.00948 -2355.4652138092 0.0000000000 0.0000000000 
 0.00950 -2360.2106703606 0.0000000000 0.0000000000 
 0.00951 -2364.9586795528 0.0000000000 0.0000000000 
 0.00952 -2369.7092384002 0.0000000000 0.0000000000 
 0.00953 -2374.4623439206 0.0000000000 0.0000000000 
 0.00954 -2379.2179931351 0.0000000000 0.0000000000 
 0.00956 -2383.9761830683 0.0000000000 0.0000000000 
 0.00957 -2388.7369107482 0.0000000000 0.0000000000 
 0.00958 -2393.5001732059 0.0000000000 0.0000000000 
 0.00959 -2398.2659674762 0.0000000000 0.0000000000 
 0.00960 -2403.0342905971 0.0000000000 0.0000000000 
 0.00962 -2407.8051396099 0.0000000000 0.0000000000 
 0.00963 -2412.5785115592 0.0000000000 0.0000000000 
 0.00964 -2417.3544034930 0.0000000000 0.0000000000 
 0.00965 -2422.1328124628 0.0000000000 0.0000000000 
 0.00966 -2426.9137355232 0.0000000000 0.0000000000 
 0.00968 -2431.6971697320 0.0000000000 0.0000000000 
 0.00969 -2436.4831121507 0.0000000000 0.0000000000 
 0.00970 -2441.2715598438 0.0000000000 0.0000000000 
 0.00971 -2446.0625098791 0.0000000000 0.0000000000 
 0.00972 -2450.8559593278 0.0000000000 0.0000000000 
 0.00974 -2455.6519052643 0.0000000000 0.0000000000 
 0.00975 -2460.4503447665 0.0000000000 0.0000000000 
 0.00976 -2465.2512749152 0.0000000000 0.0000000000 
 0.00977 -2470.0546927948 0.0000000000 0.0000000000 
 0.00978 -2474.8605954928 0.0000000000 0.0000000000 
 0.00980 -2479.6689800998 0.0000000000 0.0000000000 
 0.00981 -2484.4798437101 0.0000000000 0.0000000000 
 0.00982 -2489.2931834207 0.0000000000 0.0000000000 
 0.00983 -2494.1089963323 0.0000000000 0.0000000000 
 0.00984 -2498.9272795485 0.0000000000 0.0000000000 
 0.00986 -2503.7480301763 0.0000000000 0.0000000000 
 0.00987 -2508.5712453259 0.0000000000 0.0000000000 
 0.00988 -2513.3969221107 0.0000000000 0.0000000000 
 0.00989 -2518.2250576472 0.0000000000 0.0000000000 
 0.00990 -2523.0556490552 0.0000000000 0.0000000000 
 0.00992 -2527.8886934578 0.0000000000 0.0000000000 
 0.00993 -2532.7241879811 0.0000000000 0.0000000000 
 0.00994 -2537.5621297544 0.0000000000 0.0000000000 
 0.00995 -2542.4025159104 0.0000000000 0.0000000000 
 0.00996 -2547.2453435846 0.0000000000 0.0000000000 
 0.00998 -2552.0906099161 0.0000000000 0.0000000000 
 0.00999 -2556.9383120468 0.0000000000 0.0000000000 
 0.01000 -2561.7884471219 0.0000000000 0.0000000000 
 0.01001 -2566.6410122898 0.0000000000 0.0000000000 
 0.01002 -2571.4960047019 0.0000000000 0.0000000000 
 0.01004 -2576.3534215129 0.0000000000 0.0000000000 
 0.01005 -2581.2132598806 0.0000000000 0.0000000000 
 0.01006 -2586.0755169658 0.0000000000 0.0000000000 
 0.01007 -2590.9401899325 0.0000000000 0.0000000000 
 0.01008 -2595.8072759478 0.0000000000 0.0000000000 
 0.01010 -2600.6767721821 0.0000000000 0.0000000000 
 0.01011 -2605.5486758085 0.0000000000 0.0000000000 
 0.01012 -2610.4229840037 0.0000000000 0.0000000000 
 0.01013 -2615.2996939470 0.0000000000 0.0000000000 
 0.01014 -2620.1788028211 0.0000000000 0.0000000000 
 0.01016 -2625.0603078117 0.0000000000 0.0000000000 
 0.01017 -2629.9442061076 0.0000000000 0.0000000000 
 0.01018 -2634.8304949007 0.0000000000 0.0000000000 
 0.01019 -2639.7191713858 0.0000000000 0.0000000000 
 0.01020 -2644.6102327610 0.0000000000 0.0000000000 
 0.01022 -2649.5036762272 0.0000000000 0.0000000000 
 0.01023 -2654.3994989886 0.0000000000 0.0000000000 
 0.01024 -2659.2976982524 0.0000000000 0.0000000000 
 0.01025 -2664.1982712285 0.0000000000 0.0000000000 
 0.01026 -2669.1012151304 0.0000000000 0.0000000000 
 0.01028 -2674.0065271741 0.0000000000 0.0000000000 
 0.01029 -2678.9142045791 0.0000000000 0.0000000000 
 0.01030 -2683.8242445674 0.0000000000 0.0000000000 
 0.01031 -2688.7366443645 0.0000000000 0.0000000000 
 0.01032 -2693.6514011986 0.0000000000 0.0000000000 
 0.01034 -2698.5685123011 0.0000000000 0.0000000000 
 0.01035 -2703.4879749062 0.0000000000 0.0000000000 
 0.01036 -2708.4097862512 0.0000000000 0.0000000000 
 0.01037 -2713.3339435764 0.0000000000 0.0000000000 
 0.01038 -2718.2604441251 0.0000000000 0.0000000000 
 0.01040 -2723.1892851434 0.0000000000 0.0000000000 
 0.01041 -2728.1204638807 0.0000000000 0.0000000000 
 0.01042 -2733.0539775890 0.0000000000 0.0000000000 
 0.01043 -2737.9898235235 0.0000000000 0.0000000000 
 0.01044 -2742.9279989423 0.0000000000 0.0000000000 
 0.01046 -2747.8685011064 0.0000000000 0.0000000000 
 0.01047 -2752.8113272799 0.0000000000 0.0000000000 
 0.01048 -2757.7564747296 0.0000000000 0.0000000000 
 0.01049 -2762.7039407254 0.0000000000 0.0000000000 
 0.01050 -2767.6537225401 0.0000000000 0.0000000000 
 0.01052 -2772.6058174494 0.0000000000 0.0000000000 
 0.01053 -2777.5602227319 0.0000000000 0.0000000000 
 0.01054 -2782.5169356693 0.0000000000 0.0000000000 
 0.01055 -2787.4759535459 0.0000000000 0.0000000000 
 0.01056 -2792.4372736492 0.0000000000 0.0000000000 
 0.01058 -2797.4008932694 0.0000000000 0.0000000000 
 0.01059 -2802.3668096996 0.0000000000 0.0000000000 
 0.01060 -2807.3350202359 0.0000000000 0.0000000000 
 0.01061 -2812.3055221773 0.0000000000 0.0000000000 
 0.01062 -2817.2783128255 0.0000000000 0.0000000000 
 0.01064 -2822.2533894854 0.0000000000 0.0000000000 
 0.01065 -2827.2307494643 0.0000000000 0.0000000000 
 0.01066 -2832.2103900728 0.0000000000 0.0000000000 
 0.01067 -2837.1923086241 0.0000000000 0.0000000000 
 0.01068 -2842.1765024345 0.0000000000 0.0000000000 
 0.01070 -2847.1629688228 0.0000000000 0.0000000000 
 0.01071 -2852.1517051109 0.0000000000 0.0000000000 
 0.01072 -2857.1427086235 0.0000000000 0.0000000000 
 0.01073 -2862.1359766881 0.0000000000 0.0000000000 
 0.01074 -2867.1315066351 0.0000000000 0.0000000000 
 0.01076 -2872.1292957977 0.0000000000 0.0000000000 
 0.01077 -2877.1293415117 0.0000000000 0.0000000000 
 0.01078 -2882.1316411162 0.0000000000 0.0000000000 
 0.01079 -2887.1361919526 0.0000000000 0.0000000000 
 0.01080 -2892.1429913654 0.0000000000 0.0000000000 
 0.01082 -2897.1520367018 0.0000000000 0.0000000000 
 0.01083 -2902.1633253119 0.0000000000 0.0000000000 
 0.01084 -2907.1768545485 0.0000000000 0.0000000000 
 0.01085 -2912.1926217671 0.0000000000 0.0000000000 
 0.01086 -2917.2106243263 0.0000000000 0.0000000000 
 0.01088 -2922.2308595872 0.0000000000 0.0000000000 
 0.01089 -2927.2533249136 0.0000000000 0.0000000000 
 0.01090 -2932.2780176724 0.0000000000 0.0000000000 
 0.01091 -2937.3049352330 0.0000000000 0.0000000000 
 0.01092 -2942.3340749676 0.0000000000 0.0000000000 
 0.01094 -2947.3654342513 0.0000000000 0.0000000000 
 0.01095 -2952.3990104617 0.0000000000 0.0000000000 
 0.01096 -2957.4348009795 0.0000000000 0.0000000000 
 0.01097 -2962.4728031877 0.0000000000 0.0000000000 
 0.01098 -2967.5130144724 0.0000000000 0.0000000000 
 0.01100 -2972.5554322223 0.0000000000 0.0000000000 
 0.01101 -2977.6000538287 0.0000000000 0.0000000000 
 0.01102 -2982.6468766859 0.0000000000 0.0000000000 
 0.01103 -2987.6958981908 0.0000000000 0.0000000000 
 0.01105 -2992.7471157428 0.0000000000 0.0000000000 
 0.01106 -2997.8005267442 0.0000000000 0.0000000000 
 0.01107 -3002.8561286002 0.0000000000 0.0000000000 
 0.01108 -3007.9139187183 0.0000000000 0.0000000000 
 0.01109 -3012.9738945090 0.0000000000 0.0000000000 
 0.01111 -3018.0360533853 0.0000000000 0.0000000000 
 0.01112 -3023.1003927630 0.0000000000 0.0000000000 
 0.01113 -3028.1669100605 0.0000000000 0.0000000000 
 0.01114 -3033.2356026990 0.0000000000 0.0000000000 
 0.01115 -3038.3064681022 0.0000000000 0.0000000000 
 0.01117 -3043.3795036966 0.0000000000 0.0000000000 
 0.01118 -3048.4547069114 0.0000000000 0.0000000000 
 0.01119 -3053.5320751783 0.0000000000 0.0000000000 
 0.01120 -3058.6116059317 0.0000000000 0.0000000000 
 0.01121 -3063.6932966088 0.0000000000 0.0000000000 
 0.01123 -3068.7771446493 0.0000000000 0.0000000000 
 0.01124 -3073.8631474956 0.0000000000 0.0000000000 
 0.01125 -3078.9513025926 0.0000000000 0.0000000000 
 0.01126 -3084.0416073880 0.0000000000 0.0000000000 
 0.01127 -3089.1340593321 0.0000000000 0.0000000000 
 0.01129 -3094.2286558779 0.0000000000 0.0000000000 
 0.01130 -3099.3253944807 0.0000000000 0.0000000000 
 0.01131 -3104.4242725988 0.0000000000 0.0000000000 
 0.01132 -3109.5252876928 0.0000000000 0.0000000000 
 0.01133 -3114.6284372262 0.0000000000 0.0000000000 
 0.01135 -3119.7337186648 0.0000000000 0.0000000000 
 0.01136 -3124.8411294773 0.0000000000 0.0000000000 
 0.01137 -3129.9506671347 0.0000000000 0.0000000000 
 0.01138 -3135.0623291108 0.0000000000 0.0000000000 
 0.01139 -3140.1761128820 0.0000000000 0.0000000000 
 0.01141 -3145.2920159270 0.0000000000 0.0000000000 
 0.01142 -3150.4100357274 0.0000000000 0.0000000000 
 0.01143 -3155.5301697672 0.0000000000 0.0000000000 
 0.01144 -3160.6524155330 0.0000000000 0.0000000000 
 0.01145 -3165.7767705141 0.0000000000 0.0000000000 
 0.01147 -3170.9032322020 0.0000000000 0.0000000000 
 0.01148 -3176.0317980912 0.0000000000 0.0000000000 
 0.01149 -3181.1624656783 0.0000000000 0.0000000000 
 0.01150 -3186.2952324630 0.0000000000 0.0000000000 
 0.01151 -3191.4300959469 0.0000000000 0.0000000000 
 0.01153 -3196.5670536347 0.0000000000 0.0000000000 
 0.01154 -3201.7061030333 0.0000000000 0.0000000000 
 0.01155 -3206.8472416522 0.0000000000 0.0000000000 
 0.01156 -3211.9904670035 0.0000000000 0.0000000000 
 0.01157 -3217.1357766017 0.0000000000 0.0000000000 
 0.01159 -3222.2831679640 0.0000000000 0.0000000000 
 0.01160 -3227.4326386099 0.0000000000 0.0000000000 
 0.01161 -3232.5841860616 0.0000000000 0.0000000000 
 0.01162 -3237.7378078436 0.0000000000 0.0000000000 
 0.01163 -3242.8935014831 0.0000000000 0.0000000000 
 0.01165 -3248.0512645097 0.0000000000 0.0000000000 
 0.01166 -3253.2110944554 0.0000000000 0.0000000000 
 0.01167 -3258.3729888550 0.0000000000 0.0000000000 
 0.01168 -3263.5369452454 0.0000000000 0.0000000000 
 0.01169 -3268.7029611661 0.0000000000 0.0000000000 
 0.01171 -3273.8710341594 0.0000000000 0.0000000000 
 0.01172 -3279.0411617695 0.0000000000 0.0000000000 
 0.01173 -3284.2133415436 0.0000000000 0.0000000000 
 0.01174 -3289.3875710309 0.0000000000 0.0000000000 
 0.01175 -3294.5638477835 0.0000000000 0.0000000000 
 0.01177 -3299.7421693557 0.0000000000 0.0000000000 
 0.01178 -3304.9225333042 0.0000000000 0.0000000000 
 0.01179 -3310.1049371884 0.0000000000 0.0000000000 
 0.01180 -3315.2893785698 0.0000000000 0.0000000000 
 0.01181 -3320.4758550127 0.0000000000 0.0000000000 
 0.01183 -3325.6643640835 0.0000000000 0.0000000000 
 0.01184 -3330.8549033514 0.0000000000 0.0000000000 
 0.01185 -3336.0474703876 0.0000000000 0.0000000000 
 0.01186 -3341.2420627661 0.0000000000 0.0000000000 
 0.01187 -3346.4386780631 0.0000000000 0.0000000000 
 0.01189 -3351.6373138573 0.0000000000 0.0000000000 
 0.01190 -3356.8379677298 0.0000000000 0.0000000000 
 0.01191 -3362.0406372641 0.0000000000 0.0000000000 
 0.01192 -3367.2453200461 0.0000000000 0.0000000000 
 0.01193 -3372.4520136641 0.0000000000 0.0000000000 
 0.01195 -3377.6607157088 0.0000000000 0.0000000000 
 0.01196 -3382.8714237732 0.0000000000 0.0000000000 
 0.01197 -3388.0841354530 0.0000000000 0.0000000000 
 0.01198 -3393.2988483458 0.0000000000 0.0000000000 
 0.01199 -3398.5155600521 0.0000000000 0.0000000000 
 0.01201 -3403.7342681743 0.0000000000 0.0000000000 
 0.01202 -3408.9549703175 0.0000000000 0.0000000000 
 0.01203 -3414.1776640891 0.0000000000 0.0000000000 
 0.01204 -3419.4023470988 0.0000000000 0.0000000000 
 0.01205 -3424.6290169586 0.0000000000 0.0000000000 
 0.01207 -3429.8576712830 0.0000000000 0.0000000000 
 0.01208 -3435.0883076888 0.0000000000 0.0000000000 
 0.01209 -3440.3209237952 0.0000000000 0.0000000000 
 0.01210 -3445.5555172236 0.0000000000 0.0000000000 
 0.01211 -3450.7920855979 0.0000000000 0.0000000000 
 0.01213 -3456.0306265443 0.0000000000 0.0000000000 
 0.01214 -3461.2711376912 0.0000000000 0.0000000000 
 0.01215 -3466.5136166696 0.0000000000 0.0000000000 
 0.01216 -3471.7580611125 0.0000000000 0.0000000000 
 0.01217 -3477.0044686554 0.0000000000 0.0000000000 
 0.01219 -3482.2528369363 0.0000000000 0.0000000000 
 0.01220 -3487.5031635951 0.0000000000 0.0000000000 
 0.01221 -3492.7554462743 0.0000000000 0.0000000000 
 0.01222 -3498.0096826187 0.0000000000 0.0000000000 
 0.01223 -3503.2658702754 0.0000000000 0.0000000000 
 0.01225 -3508.5240068936 0.0000000000 0.0000000000 
 0.01226 -3513.7840901250 0.0000000000 0.0000000000 
 0.01227 -3519.0461176235 0.0000000000 0.0000000000 
 0.01228 -3524.3100870455 0.0000000000 0.0000000000 
 0.01229 -3529.5759960493 0.0000000000 0.0000000000 
 0.01231 -3534.8438422958 0.0000000000 0.0000000000 
 0.01232 -3540.1136234481 0.0000000000 0.0000000000 
 0.01233 -3545.3853371715 0.0000000000 0.0000000000 
 0.01234 -3550.6589811337 0.0000000000 0.0000000000 
 0.01235 -3555.9345530044 0.0000000000 0.0000000000 
 0.01237 -3561.2120504560 0.0000000000 0.0000000000 
 0.01238 -3566.4914711627 0.0000000000 0.0000000000 
 0.01239 -3571.7728128013 0.0000000000 0.0000000000 
 0.01240 -3577.0560730506 0.0000000000 0.0000000000 
 0.01241 -3582.3412495920 0.0000000000 0.0000000000 
 0.01243 -3587.6283401087 0.0000000000 0.0000000000 
 0.01244 -3592.9173422864 0.0000000000 0.0000000000 
 0.01245 -3598.2082538131 0.0000000000 0.0000000000 
 0.01246 -3603.5010723788 0.0000000000 0.0000000000 
 0.01247 -3608.7957956760 0.0000000000 0.0000000000 
 0.01249 -3614.0924213991 0.0000000000 0.0000000000 
 0.01250 -3619.3909472452 0.0000000000 0.0000000000 
 0.01251 -3624.6913709131 0.0000000000 0.0000000000 
 0.01252 -3629.9936901041 0.0000000000 0.0000000000 
 0.01253 -3635.2979025218 0.0000000000 0.0000000000 
 0.01255 -3640.6040058717 0.0000000000 0.0000000000 
 0.01256 -3645.9119978618 0.0000000000 0.0000000000 
 0.01257 -3651.2218762022 0.0000000000 0.0000000000 
 0.01258 -3656.5336386051 0.0000000000 0.0000000000 
 0.01259 -3661.8472827851 0.0000000000 0.0000000000 
 0.01261 -3667.1628064588 0.0000000000 0.0000000000 
 0.01262 -3672.4802073451 0.0000000000 0.0000000000 
 0.01263 -3677.7994831650 0.0000000000 0.0000000000 
 0.01264 -3683.1206316417 0.0000000000 0.0000000000 
 0.01265 -3688.4436505008 0.0000000000 0.0000000000 
 0.01267 -3693.7685374697 0.0000000000 0.0000000000 
 0.01268 -3699.0952902782 0.0000000000 0.0000000000 
 0.01269 -3704.4239066584 0.0000000000 0.0000000000 
 0.01270 -3709.7543843441 0.0000000000 0.0000000000 
 0.01271 -3715.0867210718 0.0000000000 0.0000000000 
 0.01273 -3720.4209145798 0.0000000000 0.0000000000 
 0.01274 -3725.7569626087 0.0000000000 0.0000000000 
 0.01275 -3731.0948629013 0.0000000000 0.0000000000 
 0.01276 -3736.4346132023 0.0000000000 0.0000000000 
 0.01277 -3741.7762112588 0.0000000000 0.0000000000 
 0.01279 -3747.1196548199 0.0000000000 0.0000000000 
 0.01280 -3752.4649416370 0.0000000000 0.0000000000 
 0.01281 -3757.8120694634 0.0000000000 0.0000000000 
 0.01282 -3763.1610360547 0.0000000000 0.0000000000 
 0.01283 -3768.5118391687 0.0000000000 0.0000000000 
 0.01285 -3773.8644765650 0.0000000000 0.0000000000 
 0.01286 -3779.2189460057 0.0000000000 0.0000000000 
 0.01287 -3784.5752452548 0.0000000000 0.0000000000 
 0.01288 -3789.9333720784 0.0000000000 0.0000000000 
 0.01289 -3795.2933242448 0.0000000000 0.0000000000 
 0.01291 -3800.6550995244 0.0000000000 0.0000000000 
 0.01292 -3806.0186956897 0.0000000000 0.0000000000 
 0.01293 -3811.3841105152 0.0000000000 0.0000000000 
 0.01294 -3816.7513417776 0.0000000000 0.0000000000 
 0.01295 -3822.1203872558 0.0000000000 0.0000000000 
 0.01297 -3827.4912447305 0.0000000000 0.0000000000 
 0.01298 -3832.8639119848 0.0000000000 0.0000000000 
 0.01299 -3838.2383868036 0.0000000000 0.0000000000 
 0.01300 -3843.6146669741 0.0000000000 0.0000000000 
 0.01302 -3848.9927502855 0.0000000000 0.0000000000 
 0.01303 -3854.3726345291 0.0000000000 0.0000000000 
 0.01304 -3859.7543174981 0.0000000000 0.0000000000 
 0.01305 -3865.1377969880 0.0000000000 0.0000000000 
 0.01306 -3870.5230707963 0.0000000000 0.0000000000 
 0.01308 -3875.9101367226 0.0000000000 0.0000000000 
 0.01309 -3881.2989925683 0.0000000000 0.0000000000 
 0.01310 -3886.6896361372 0.0000000000 0.0000000000 
 0.01311 -3892.0820652350 0.0000000000 0.0000000000 
 0.01312 -3897.4762776693 0.0000000000 0.0000000000 
 0.01314 -3902.8722712501 0.0000000000 0.0000000000 
 0.01315 -3908.2700437892 0.0000000000 0.0000000000 
 0.01316 -3913.6695931004 0.0000000000 0.0000000000 
 0.01317 -3919.0709169996 0.0000000000 0.0000000000 
 0.01318 -3924.4740133048 0.0000000000 0.0000000000 
 0.01320 -3929.8788798360 0.0000000000 0.0000000000 
 0.01321 -3935.2855144151 0.0000000000 0.0000000000 
 0.01322 -3940.6939148663 0.0000000000 0.0000000000 
 0.01323 -3946.1040790155 0.0000000000 0.0000000000 
 0.01324 -3951.5160046908 0.0000000000 0.0000000000 
 0.01326 -3956.9296897223 0.0000000000 0.0000000000 
 0.01327 -3962.3451319421 0.0000000000 0.0000000000 
 0.01328 -3967.7623291842 0.0000000000 0.0000000000 
 0.01329 -3973.1812792848 0.0000000000 0.0000000000 
 0.01330 -3978.6019800820 0.0000000000 0.0000000000 
 0.01332 -3984.0244294159 0.0000000000 0.0000000000 
 0.01333 -3989.4486251285 0.0000000000 0.0000000000 
 0.01334 -3994.8745650640 0.0000000000 0.0000000000 
 0.01335 -4000.3022470684 0.0000000000 0.0000000000 
 0.01336 -4005.7316689899 0.0000000000 0.0000000000 
 0.01338 -4011.1628286783 0.0000000000 0.0000000000 
 0.01339 -4016.5957239858 0.0000000000 0.0000000000 
 0.01340 -4022.0303527664 0.0000000000 0.0000000000 
 0.01341 -4027.4667128761 0.0000000000 0.0000000000 
 0.01342 -4032.9048021727 0.0000000000 0.0000000000 
 0.01344 -4038.3446185162 0.0000000000 0.0000000000 
 0.01345 -4043.7861597685 0.0000000000 0.0000000000 
 0.01346 -4049.2294237934 0.0000000000 0.0000000000 
 0.01347 -4054.6744084568 0.0000000000 0.0000000000 
 0.01348 -4060.1211116263 0.0000000000 0.0000000000 
 0.01350 -4065.5695311717 0.0000000000 0.0000000000 
 0.01351 -4071.0196649646 0.0000000000 0.0000000000 
 0.01352 -4076.4715108787 0.0000000000 0.0000000000 
 0.01353 -4081.9250667894 0.0000000000 0.0000000000 
 0.01354 -4087.3803305743 0.0000000000 0.0000000000 
 0.01356 -4092.8373001128 0.0000000000 0.0000000000 
 0.01357 -4098.2959732862 0.0000000000 0.0000000000 
 0.01358 -4103.7563479778 0.0000000000 0.0000000000 
 0.01359 -4109.2184220730 0.0000000000 0.0000000000 
 0.01360 -4114.6821934586 0.0000000000 0.0000000000 
 0.01362 -4120.1476600240 0.0000000000 0.0000000000 
 0.01363 -4125.6148196600 0.0000000000 0.0000000000 
 0.01364 -4131.0836702595 0.0000000000 0.0000000000 
 0.01365 -4136.5542097174 0.0000000000 0.0000000000 
 0.01366 -4142.0264359304 0.0000000000 0.0000000000 
 0.01368 -4147.5003467971 0.0000000000 0.0000000000 
 0.01369 -4152.9759402181 0.0000000000 0.0000000000 
 0.01370 -4158.4532140957 0.0000000000 0.0000000000 
 0.01371 -4163.9321663344 0.0000000000 0.0000000000 
 0.01372 -4169.4127948404 0.0000000000 0.0000000000 
 0.01374 -4174.8950975217 0.0000000000 0.0000000000 
 0.01375 -4180.3790722885 0.0000000000 0.0000000000 
 0.01376 -4185.8647170527 0.0000000000 0.0000000000 
 0.01377 -4191.3520297279 0.0000000000 0.0000000000 
 0.01378 -4196.8410082300 0.0000000000 0.0000000000 
 0.01380 -4202.3316504764 0.0000000000 0.0000000000 
 0.01381 -4207.8239543865 0.0000000000 0.0000000000 
 0.01382 -4213.3179178818 0.0000000000 0.0000000000 
 0.01383 -4218.8135388853 0.0000000000 0.0000000000 
 0.01384 -4224.3108153221 0.0000000000 0.0000000000 
 0.01386 -4229.8097451192 0.0000000000 0.0000000000 
 0.01387 -4235.3103262051 0.0000000000 0.0000000000 
 0.01388 -4240.8125565107 0.0000000000 0.0000000000 
 0.01389 -4246.3164339684 0.0000000000 0.0000000000 
 0.01390 -4251.8219565124 0.0000000000 0.0000000000 
 0.01392 -4257.3291220791 0.0000000000 0.0000000000 
 0.01393 -4262.8379286064 0.0000000000 0.0000000000 
 0.01394 -4268.3483740341 0.0000000000 0.0000000000 
 0.01395 -4273.8604563041 0.0000000000 0.0000000000 
 0.01396 -4279.3741733599 0.0000000000 0.0000000000 
 0.01398 -4284.8895231469 0.0000000000 0.0000000000 
 0.01399 -4290.4065036123 0.0000000000 0.0000000000 
 0.01400 -4295.9251127052 0.0000000000 0.0000000000 
