1 Layers
   1.446742e+04 
   7.778003e+03 
   1.805282e+05 
  -1.163897e+05 
   0.000000e+00 
  -0.000000e+00 
   0.000000e+00 
2 Layers
   1.537051e+04 
   5.936262e+03 
   1.203628e+05 
  -7.298708e+04 
   9.998680e+02 
   8.678758e+03 
   4.496442e+07 
  -4.135658e+06 
   0.000000e+00 
  -0.000000e+00 
   0.000000e+00 
   0.000000e+00 
   0.000000e+00 
  -4.160945e+00 
3 Layers
   1.585322e+04 
   5.195089e+03 
   9.341597e+04 
  -5.517924e+04 
   1.225709e+03 
   7.574635e+03 
   1.118750e+07 
  -1.390463e+06 
   1.435627e+04 
   8.495053e+03 
   2.684950e+07 
  -6.032324e+06 
   0.000000e+00 
  -0.000000e+00 
   0.000000e+00 
   0.000000e+00 
   0.000000e+00 
   0.000000e+00 
   0.000000e+00 
  -2.187994e+00 
   6.857642e-01 
4 Layers
   1.616136e+04 
   4.791700e+03 
   7.770881e+04 
  -4.535724e+04 
   1.401377e+03 
   6.930285e+03 
   4.561316e+06 
  -6.872728e+05 
   1.472701e+04 
   7.561799e+03 
   1.042480e+07 
  -2.685987e+06 
   9.631799e+02 
   9.086217e+03 
   1.206083e+08 
  -8.366130e+06 
   0.000000e+00 
  -0.000000e+00 
   0.000000e+00 
   0.000000e+00 
   0.000000e+00 
   0.000000e+00 
   0.000000e+00 
   0.000000e+00 
   0.000000e+00 
  -1.434038e+00 
   4.857397e-01 
  -4.964206e+00 
5 Layers
   1.637558e+04 
   4.538456e+03 
   6.737176e+04 
  -3.913164e+04 
   1.543691e+03 
   6.501382e+03 
   2.406614e+06 
  -4.156084e+05 
   1.500640e+04 
   6.940794e+03 
   5.206154e+06 
  -1.482909e+06 
   1.079558e+03 
   8.406704e+03 
   5.197613e+07 
  -4.351530e+06 
   1.428703e+04 
   8.728686e+03 
   3.830449e+07 
  -8.066687e+06 
   0.000000e+00 
  -0.000000e+00 
   0.000000e+00 
   0.000000e+00 
   0.000000e+00 
   0.000000e+00 
   0.000000e+00 
   0.000000e+00 
   0.000000e+00 
   0.000000e+00 
   0.000000e+00 
  -1.058891e+00 
   3.766473e-01 
  -3.412859e+00 
   1.494838e+00 
6 Layers
   1.653270e+04 
   4.365144e+03 
   6.005636e+04 
  -3.484095e+04 
   1.662028e+03 
   6.192909e+03 
   1.483252e+06 
  -2.838943e+05 
   1.522751e+04 
   6.493352e+03 
   3.038230e+06 
  -9.352894e+05 
   1.180938e+03 
   7.908308e+03 
   2.683826e+07 
  -2.604257e+06 
   1.452323e+04 
   8.096672e+03 
   2.060451e+07 
  -4.750912e+06 
   9.463553e+02 
   9.228652e+03 
   1.528667e+08 
  -9.964891e+06 
   0.000000e+00 
  -0.000000e+00 
   0.000000e+00 
   0.000000e+00 
   0.000000e+00 
   0.000000e+00 
   0.000000e+00 
   0.000000e+00 
   0.000000e+00 
   0.000000e+00 
   0.000000e+00 
   0.000000e+00 
  -5.551115e-16 
  -8.419687e-01 
   3.074147e-01 
  -2.542829e+00 
   1.123791e+00 
  -5.064994e+00 
7 Layers
   1.665244e+04 
   4.239367e+03 
   5.461639e+04 
  -3.171073e+04 
   1.762292e+03 
   5.959328e+03 
   1.012684e+06 
  -2.101574e+05 
   1.540834e+04 
   6.153581e+03 
   1.969478e+06 
  -6.453377e+05 
   1.270601e+03 
   7.524146e+03 
   1.567227e+07 
  -1.714699e+06 
   1.471995e+04 
   7.612523e+03 
   1.239363e+07 
  -3.078041e+06 
   1.024714e+03 
   8.740114e+03 
   8.450757e+07 
  -6.292014e+06 
   1.425381e+04 
   8.833414e+03 
   4.362220e+07 
  -8.985670e+06 
   0.000000e+00 
  -0.000000e+00 
   0.000000e+00 
   0.000000e+00 
   0.000000e+00 
   0.000000e+00 
   0.000000e+00 
   0.000000e+00 
   0.000000e+00 
   0.000000e+00 
   0.000000e+00 
   0.000000e+00 
   0.000000e+00 
   0.000000e+00 
   1.110223e-16 
  -7.036279e-01 
   2.593020e-01 
  -2.002162e+00 
   8.881436e-01 
  -3.906650e+00 
   1.853584e+00 
8 Layers
   1.674642e+04 
   4.144096e+03 
   5.042068e+04 
  -2.933034e+04 
   1.848482e+03 
   5.775798e+03 
   7.427412e+05 
  -1.645891e+05 
   1.555977e+04 
   5.885737e+03 
   1.376246e+06 
  -4.748120e+05 
   1.350800e+03 
   7.217384e+03 
   1.000073e+07 
  -1.209467e+06 
   1.488753e+04 
   7.227738e+03 
   8.083372e+06 
  -2.136885e+06 
   1.095968e+03 
   8.347581e+03 
   5.122681e+07 
  -4.267162e+06 
   1.442729e+04 
   8.356464e+03 
   2.755636e+07 
  -6.071412e+06 
   9.373136e+02 
   9.300252e+03 
   1.699321e+08 
  -1.078608e+07 
   0.000000e+00 
  -0.000000e+00 
   0.000000e+00 
   0.000000e+00 
   0.000000e+00 
   0.000000e+00 
   0.000000e+00 
   0.000000e+00 
   0.000000e+00 
   0.000000e+00 
   0.000000e+00 
   0.000000e+00 
   0.000000e+00 
   0.000000e+00 
   0.000000e+00 
   0.000000e+00 
  -1.110223e-16 
  -6.090760e-01 
   2.238226e-01 
  -1.640957e+00 
   7.273664e-01 
  -3.138580e+00 
   1.487482e+00 
  -5.115438e+00 
9 Layers
   1.682194e+04 
   4.069535e+03 
   4.709186e+04 
  -2.746176e+04 
   1.923444e+03 
   5.627514e+03 
   5.740570e+05 
  -1.343313e+05 
   1.568891e+04 
   5.668578e+03 
   1.017089e+06 
  -3.664885e+05 
   1.423163e+03 
   6.965850e+03 
   6.821750e+06 
  -8.984367e+05 
   1.503274e+04 
   6.913382e+03 
   5.604676e+06 
  -1.563017e+06 
   1.161274e+03 
   8.023831e+03 
   3.329815e+07 
  -3.054936e+06 
   1.457880e+04 
   7.965379e+03 
   1.853534e+07 
  -4.328080e+06 
   9.963724e+02 
   8.919327e+03 
   1.076410e+08 
  -7.569891e+06 
   1.423461e+04 
   8.892568e+03 
   4.666235e+07 
  -9.506158e+06 
   0.000000e+00 
  -0.000000e+00 
   0.000000e+00 
   0.000000e+00 
   0.000000e+00 
   0.000000e+00 
   0.000000e+00 
   0.000000e+00 
   0.000000e+00 
   0.000000e+00 
   0.000000e+00 
   0.000000e+00 
   0.000000e+00 
   0.000000e+00 
   0.000000e+00 
   0.000000e+00 
   0.000000e+00 
   0.000000e+00 
   2.220446e-16 
  -5.410285e-01 
   1.965492e-01 
  -1.386297e+00 
   6.117485e-01 
  -2.600881e+00 
   1.228843e+00 
  -4.194648e+00 
   2.041483e+00 
10 Layers
   1.688381e+04 
   4.009655e+03 
   4.439035e+04 
  -2.595759e+04 
   1.989280e+03 
   5.505056e+03 
   4.616304e+05 
  -1.131173e+05 
   1.580062e+04 
   5.488613e+03 
   7.847754e+05 
  -2.935090e+05 
   1.488923e+03 
   6.755297e+03 
   4.900517e+06 
  -6.947669e+05 
   1.516026e+04 
   6.651005e+03 
   4.075932e+06 
  -1.190785e+06 
   1.221505e+03 
   7.751327e+03 
   2.285905e+07 
  -2.281693e+06 
   1.471286e+04 
   7.637813e+03 
   1.309622e+07 
  -3.217617e+06 
   1.051299e+03 
   8.597717e+03 
   7.209012e+07 
  -5.547218e+06 
   1.437171e+04 
   8.509791e+03 
   3.240847e+07 
  -6.964772e+06 
   9.317212e+02 
   9.343271e+03 
   1.804179e+08 
  -1.128427e+07 
   0.000000e+00 
  -0.000000e+00 
   0.000000e+00 
   0.000000e+00 
   0.000000e+00 
   0.000000e+00 
   0.000000e+00 
   0.000000e+00 
   0.000000e+00 
   0.000000e+00 
   0.000000e+00 
   0.000000e+00 
   0.000000e+00 
   0.000000e+00 
   0.000000e+00 
   0.000000e+00 
   0.000000e+00 
   0.000000e+00 
   0.000000e+00 
   0.000000e+00 
   7.216450e-16 
  -4.900586e-01 
   1.749291e-01 
  -1.199123e+00 
   5.251995e-01 
  -2.208322e+00 
   1.038385e+00 
  -3.525058e+00 
   1.709693e+00 
  -5.152578e+00 
