r         ur            utheta            w
2000.00000 -0.0000039096 0.0000000000 -0.0000000000 
2012.01201 -0.0000039557 0.0000000000 -0.0000000000 
2024.02402 -0.0000040021 0.0000000000 -0.0000000000 
2036.03604 -0.0000040488 0.0000000000 -0.0000000000 
2048.04805 -0.0000040958 0.0000000000 -0.0000000000 
2060.06006 -0.0000041430 0.0000000000 -0.0000000000 
2072.07207 -0.0000041906 0.0000000000 -0.0000000000 
2084.08408 -0.0000042384 0.0000000000 -0.0000000000 
2096.09610 -0.0000042864 0.0000000000 -0.0000000000 
2108.10811 -0.0000043348 0.0000000000 -0.0000000000 
2120.12012 -0.0000043833 0.0000000000 -0.0000000000 
2132.13213 -0.0000044322 0.0000000000 -0.0000000000 
2144.14414 -0.0000044813 0.0000000000 -0.0000000000 
2156.15616 -0.0000045307 0.0000000000 -0.0000000000 
2168.16817 -0.0000045803 0.0000000000 -0.0000000000 
2180.18018 -0.0000046302 0.0000000000 -0.0000000000 
2192.19219 -0.0000046803 0.0000000000 -0.0000000000 
2204.20420 -0.0000047306 0.0000000000 -0.0000000000 
2216.21622 -0.0000047812 0.0000000000 -0.0000000000 
2228.22823 -0.0000048321 0.0000000000 -0.0000000000 
2240.24024 -0.0000048832 0.0000000000 -0.0000000000 
2252.25225 -0.0000049345 0.0000000000 -0.0000000000 
2264.26426 -0.0000049860 0.0000000000 -0.0000000000 
2276.27628 -0.0000050378 0.0000000000 -0.0000000000 
2288.28829 -0.0000050898 0.0000000000 -0.0000000000 
2300.30030 -0.0000051421 0.0000000000 -0.0000000000 
2312.31231 -0.0000051946 0.0000000000 -0.0000000000 
2324.32432 -0.0000052473 0.0000000000 -0.0000000000 
2336.33634 -0.0000053002 0.0000000000 -0.0000000000 
2348.34835 -0.0000053533 0.0000000000 -0.0000000000 
2360.36036 -0.0000054067 0.0000000000 -0.0000000000 
2372.37237 -0.0000054602 0.0000000000 -0.0000000000 
2384.38438 -0.0000055140 0.0000000000 -0.0000000000 
2396.39640 -0.0000055680 0.0000000000 -0.0000000000 
2408.40841 -0.0000056222 0.0000000000 -0.0000000000 
2420.42042 -0.0000056766 0.0000000000 -0.0000000000 
2432.43243 -0.0000057312 0.0000000000 -0.0000000000 
2444.44444 -0.0000057860 0.0000000000 -0.0000000000 
2456.45646 -0.0000058410 0.0000000000 -0.0000000000 
2468.46847 -0.0000058962 0.0000000000 -0.0000000000 
2480.48048 -0.0000059516 0.0000000000 -0.0000000000 
2492.49249 -0.0000060072 0.0000000000 -0.0000000000 
2504.50450 -0.0000060630 0.0000000000 -0.0000000000 
2516.51652 -0.0000061190 0.0000000000 -0.0000000000 
2528.52853 -0.0000061752 0.0000000000 -0.0000000000 
2540.54054 -0.0000062315 0.0000000000 -0.0000000000 
2552.55255 -0.0000062881 0.0000000000 -0.0000000000 
2564.56456 -0.0000063448 0.0000000000 -0.0000000000 
2576.57658 -0.0000064017 0.0000000000 -0.0000000000 
2588.58859 -0.0000064587 0.0000000000 -0.0000000000 
2600.60060 -0.0000065160 0.0000000000 -0.0000000000 
2612.61261 -0.0000065734 0.0000000000 -0.0000000000 
2624.62462 -0.0000066310 0.0000000000 -0.0000000000 
2636.63664 -0.0000066887 0.0000000000 -0.0000000000 
2648.64865 -0.0000067466 0.0000000000 -0.0000000000 
2660.66066 -0.0000068047 0.0000000000 -0.0000000000 
2672.67267 -0.0000068629 0.0000000000 -0.0000000000 
2684.68468 -0.0000069213 0.0000000000 -0.0000000000 
2696.69670 -0.0000069799 0.0000000000 -0.0000000000 
2708.70871 -0.0000070386 0.0000000000 -0.0000000000 
2720.72072 -0.0000070974 0.0000000000 -0.0000000000 
2732.73273 -0.0000071564 0.0000000000 -0.0000000000 
2744.74474 -0.0000072156 0.0000000000 -0.0000000000 
2756.75676 -0.0000072749 0.0000000000 -0.0000000000 
2768.76877 -0.0000073343 0.0000000000 -0.0000000000 
2780.78078 -0.0000073939 0.0000000000 -0.0000000000 
2792.79279 -0.0000074536 0.0000000000 -0.0000000000 
2804.80480 -0.0000075134 0.0000000000 -0.0000000000 
2816.81682 -0.0000075734 0.0000000000 -0.0000000000 
2828.82883 -0.0000076335 0.0000000000 -0.0000000000 
2840.84084 -0.0000076937 0.0000000000 -0.0000000000 
2852.85285 -0.0000077540 0.0000000000 -0.0000000000 
2864.86486 -0.0000078145 0.0000000000 -0.0000000000 
2876.87688 -0.0000078750 0.0000000000 -0.0000000000 
2888.88889 -0.0000079357 0.0000000000 -0.0000000000 
2900.90090 -0.0000079965 0.0000000000 -0.0000000000 
2912.91291 -0.0000080574 0.0000000000 -0.0000000000 
2924.92492 -0.0000081184 0.0000000000 -0.0000000000 
2936.93694 -0.0000081795 0.0000000000 -0.0000000000 
2948.94895 -0.0000082408 0.0000000000 -0.0000000000 
2960.96096 -0.0000083021 0.0000000000 -0.0000000000 
2972.97297 -0.0000083635 0.0000000000 -0.0000000000 
2984.98498 -0.0000084250 0.0000000000 -0.0000000000 
2996.99700 -0.0000084865 0.0000000000 -0.0000000000 
3009.00901 -0.0000085482 0.0000000000 -0.0000000000 
3021.02102 -0.0000086100 0.0000000000 -0.0000000000 
3033.03303 -0.0000086718 0.0000000000 -0.0000000000 
3045.04505 -0.0000087337 0.0000000000 -0.0000000000 
3057.05706 -0.0000087957 0.0000000000 -0.0000000000 
3069.06907 -0.0000088577 0.0000000000 -0.0000000000 
3081.08108 -0.0000089198 0.0000000000 -0.0000000000 
3093.09309 -0.0000089820 0.0000000000 -0.0000000000 
3105.10511 -0.0000090442 0.0000000000 -0.0000000000 
3117.11712 -0.0000091065 0.0000000000 -0.0000000000 
3129.12913 -0.0000091688 0.0000000000 -0.0000000000 
3141.14114 -0.0000092312 0.0000000000 -0.0000000000 
3153.15315 -0.0000092936 0.0000000000 -0.0000000000 
3165.16517 -0.0000093561 0.0000000000 -0.0000000000 
3177.17718 -0.0000094186 0.0000000000 -0.0000000000 
3189.18919 -0.0000094812 0.0000000000 -0.0000000000 
3201.20120 -0.0000095438 0.0000000000 -0.0000000000 
3213.21321 -0.0000096064 0.0000000000 -0.0000000000 
3225.22523 -0.0000096690 0.0000000000 -0.0000000000 
3237.23724 -0.0000097317 0.0000000000 -0.0000000000 
3249.24925 -0.0000097943 0.0000000000 -0.0000000000 
3261.26126 -0.0000098570 0.0000000000 -0.0000000000 
3273.27327 -0.0000099197 0.0000000000 -0.0000000000 
3285.28529 -0.0000099824 0.0000000000 -0.0000000000 
3297.29730 -0.0000100451 0.0000000000 -0.0000000000 
3309.30931 -0.0000101078 0.0000000000 -0.0000000000 
3321.32132 -0.0000101705 0.0000000000 -0.0000000000 
3333.33333 -0.0000102332 0.0000000000 -0.0000000000 
3345.34535 -0.0000102959 0.0000000000 -0.0000000000 
3357.35736 -0.0000103585 0.0000000000 -0.0000000000 
3369.36937 -0.0000104212 0.0000000000 -0.0000000000 
3381.38138 -0.0000104838 0.0000000000 -0.0000000000 
3393.39339 -0.0000105464 0.0000000000 -0.0000000000 
3405.40541 -0.0000106089 0.0000000000 -0.0000000000 
3417.41742 -0.0000106714 0.0000000000 -0.0000000000 
3429.42943 -0.0000107339 0.0000000000 -0.0000000000 
3441.44144 -0.0000107963 0.0000000000 -0.0000000000 
3453.45345 -0.0000108587 0.0000000000 -0.0000000000 
3465.46547 -0.0000109210 0.0000000000 -0.0000000000 
3477.47748 -0.0000109832 0.0000000000 -0.0000000000 
3489.48949 -0.0000110454 0.0000000000 -0.0000000000 
3501.50150 -0.0000111076 0.0000000000 -0.0000000000 
3513.51351 -0.0000111696 0.0000000000 -0.0000000000 
3525.52553 -0.0000112316 0.0000000000 -0.0000000000 
3537.53754 -0.0000112935 0.0000000000 -0.0000000000 
3549.54955 -0.0000113553 0.0000000000 -0.0000000000 
3561.56156 -0.0000114170 0.0000000000 -0.0000000000 
3573.57357 -0.0000114786 0.0000000000 -0.0000000000 
3585.58559 -0.0000115401 0.0000000000 -0.0000000000 
3597.59760 -0.0000116015 0.0000000000 -0.0000000000 
3609.60961 -0.0000116628 0.0000000000 -0.0000000000 
3621.62162 -0.0000117240 0.0000000000 -0.0000000000 
3633.63363 -0.0000117851 0.0000000000 -0.0000000000 
3645.64565 -0.0000118460 0.0000000000 -0.0000000000 
3657.65766 -0.0000119068 0.0000000000 -0.0000000000 
3669.66967 -0.0000119675 0.0000000000 -0.0000000000 
3681.68168 -0.0000120280 0.0000000000 -0.0000000000 
3693.69369 -0.0000120884 0.0000000000 -0.0000000000 
3705.70571 -0.0000121487 0.0000000000 -0.0000000000 
3717.71772 -0.0000122088 0.0000000000 -0.0000000000 
3729.72973 -0.0000122687 0.0000000000 -0.0000000000 
3741.74174 -0.0000123284 0.0000000000 -0.0000000000 
3753.75375 -0.0000123880 0.0000000000 -0.0000000000 
3765.76577 -0.0000124474 0.0000000000 -0.0000000000 
3777.77778 -0.0000125067 0.0000000000 -0.0000000000 
3789.78979 -0.0000125657 0.0000000000 -0.0000000000 
3801.80180 -0.0000126245 0.0000000000 -0.0000000000 
3813.81381 -0.0000126832 0.0000000000 -0.0000000000 
3825.82583 -0.0000127416 0.0000000000 -0.0000000000 
3837.83784 -0.0000127999 0.0000000000 -0.0000000000 
3849.84985 -0.0000128579 0.0000000000 -0.0000000000 
3861.86186 -0.0000129157 0.0000000000 -0.0000000000 
3873.87387 -0.0000129733 -0.0000000000 -0.0000000000 
3885.88589 -0.0000130306 -0.0000000000 -0.0000000000 
3897.89790 -0.0000130877 -0.0000000000 -0.0000000000 
3909.90991 -0.0000131445 -0.0000000000 -0.0000000000 
3921.92192 -0.0000132011 -0.0000000000 -0.0000000000 
3933.93393 -0.0000132575 -0.0000000000 -0.0000000000 
3945.94595 -0.0000133136 -0.0000000000 -0.0000000000 
3957.95796 -0.0000133694 -0.0000000000 -0.0000000000 
3969.96997 -0.0000134249 -0.0000000000 -0.0000000000 
3981.98198 -0.0000134802 -0.0000000000 -0.0000000000 
3993.99399 -0.0000135351 -0.0000000000 -0.0000000000 
4006.00601 -0.0000135898 -0.0000000000 -0.0000000000 
4018.01802 -0.0000136442 -0.0000000000 -0.0000000000 
4030.03003 -0.0000136982 -0.0000000000 -0.0000000000 
4042.04204 -0.0000137520 -0.0000000000 -0.0000000000 
4054.05405 -0.0000138054 -0.0000000000 -0.0000000000 
4066.06607 -0.0000138585 -0.0000000000 -0.0000000000 
4078.07808 -0.0000139113 -0.0000000000 -0.0000000000 
4090.09009 -0.0000139637 -0.0000000000 -0.0000000000 
4102.10210 -0.0000140158 -0.0000000000 -0.0000000000 
4114.11411 -0.0000140675 -0.0000000000 -0.0000000000 
4126.12613 -0.0000141189 -0.0000000000 -0.0000000000 
4138.13814 -0.0000141699 -0.0000000000 -0.0000000000 
4150.15015 -0.0000142205 -0.0000000000 -0.0000000000 
4162.16216 -0.0000142708 -0.0000000000 -0.0000000000 
4174.17417 -0.0000143206 -0.0000000000 -0.0000000000 
4186.18619 -0.0000143701 -0.0000000000 -0.0000000000 
4198.19820 -0.0000144191 -0.0000000000 -0.0000000000 
4210.21021 -0.0000144678 -0.0000000000 -0.0000000000 
4222.22222 -0.0000145160 -0.0000000000 -0.0000000000 
4234.23423 -0.0000145638 -0.0000000000 -0.0000000000 
4246.24625 -0.0000146112 -0.0000000000 -0.0000000000 
4258.25826 -0.0000146582 -0.0000000000 -0.0000000000 
4270.27027 -0.0000147046 -0.0000000000 -0.0000000000 
4282.28228 -0.0000147507 -0.0000000000 -0.0000000000 
4294.29429 -0.0000147963 -0.0000000000 -0.0000000000 
4306.30631 -0.0000148414 -0.0000000000 -0.0000000000 
4318.31832 -0.0000148860 -0.0000000000 -0.0000000000 
4330.33033 -0.0000149301 -0.0000000000 -0.0000000000 
4342.34234 -0.0000149738 -0.0000000000 -0.0000000000 
4354.35435 -0.0000150169 -0.0000000000 -0.0000000000 
4366.36637 -0.0000150596 -0.0000000000 -0.0000000000 
4378.37838 -0.0000151017 -0.0000000000 -0.0000000000 
4390.39039 -0.0000151433 -0.0000000000 -0.0000000000 
4402.40240 -0.0000151844 -0.0000000000 -0.0000000000 
4414.41441 -0.0000152249 -0.0000000000 -0.0000000000 
4426.42643 -0.0000152649 -0.0000000000 -0.0000000000 
4438.43844 -0.0000153043 -0.0000000000 -0.0000000000 
4450.45045 -0.0000153432 -0.0000000000 -0.0000000000 
4462.46246 -0.0000153814 -0.0000000000 -0.0000000000 
4474.47447 -0.0000154191 -0.0000000000 -0.0000000000 
4486.48649 -0.0000154562 -0.0000000000 -0.0000000000 
4498.49850 -0.0000154927 -0.0000000000 -0.0000000000 
4510.51051 -0.0000155286 -0.0000000000 -0.0000000000 
4522.52252 -0.0000155639 -0.0000000000 -0.0000000000 
4534.53453 -0.0000155986 -0.0000000000 -0.0000000000 
4546.54655 -0.0000156326 -0.0000000000 -0.0000000000 
4558.55856 -0.0000156660 -0.0000000000 -0.0000000000 
4570.57057 -0.0000156987 -0.0000000000 -0.0000000000 
4582.58258 -0.0000157308 -0.0000000000 -0.0000000000 
4594.59459 -0.0000157622 -0.0000000000 -0.0000000000 
4606.60661 -0.0000157929 -0.0000000000 -0.0000000000 
4618.61862 -0.0000158229 -0.0000000000 -0.0000000000 
4630.63063 -0.0000158522 -0.0000000000 -0.0000000000 
4642.64264 -0.0000158808 -0.0000000000 -0.0000000000 
4654.65465 -0.0000159087 -0.0000000000 -0.0000000000 
4666.66667 -0.0000159359 -0.0000000000 -0.0000000000 
4678.67868 -0.0000159624 -0.0000000000 -0.0000000000 
4690.69069 -0.0000159881 -0.0000000000 -0.0000000000 
4702.70270 -0.0000160130 -0.0000000000 -0.0000000000 
4714.71471 -0.0000160372 -0.0000000000 -0.0000000000 
4726.72673 -0.0000160606 -0.0000000000 -0.0000000000 
4738.73874 -0.0000160832 -0.0000000000 -0.0000000000 
4750.75075 -0.0000161050 -0.0000000000 -0.0000000000 
4762.76276 -0.0000161260 -0.0000000000 -0.0000000000 
4774.77477 -0.0000161462 -0.0000000000 -0.0000000000 
4786.78679 -0.0000161656 -0.0000000000 -0.0000000000 
4798.79880 -0.0000161842 -0.0000000000 -0.0000000000 
4810.81081 -0.0000162019 -0.0000000000 -0.0000000000 
4822.82282 -0.0000162187 -0.0000000000 -0.0000000000 
4834.83483 -0.0000162347 -0.0000000000 -0.0000000000 
4846.84685 -0.0000162498 -0.0000000000 -0.0000000000 
4858.85886 -0.0000162640 -0.0000000000 -0.0000000000 
4870.87087 -0.0000162773 -0.0000000000 -0.0000000000 
4882.88288 -0.0000162897 -0.0000000000 -0.0000000000 
4894.89489 -0.0000163012 -0.0000000000 -0.0000000000 
4906.90691 -0.0000163118 -0.0000000000 -0.0000000000 
4918.91892 -0.0000163214 -0.0000000000 -0.0000000000 
4930.93093 -0.0000163301 -0.0000000000 -0.0000000000 
4942.94294 -0.0000163378 -0.0000000000 -0.0000000000 
4954.95495 -0.0000163445 -0.0000000000 -0.0000000000 
4966.96697 -0.0000163503 -0.0000000000 -0.0000000000 
4978.97898 -0.0000163551 -0.0000000000 -0.0000000000 
4990.99099 -0.0000163588 -0.0000000000 -0.0000000000 
5003.00300 -0.0000163616 -0.0000000000 -0.0000000000 
5015.01502 -0.0000163633 -0.0000000000 -0.0000000000 
5027.02703 -0.0000163639 -0.0000000000 -0.0000000000 
5039.03904 -0.0000163635 -0.0000000000 -0.0000000000 
5051.05105 -0.0000163621 -0.0000000000 -0.0000000000 
5063.06306 -0.0000163596 -0.0000000000 -0.0000000000 
5075.07508 -0.0000163559 -0.0000000000 -0.0000000000 
5087.08709 -0.0000163512 -0.0000000000 -0.0000000000 
5099.09910 -0.0000163454 -0.0000000000 -0.0000000000 
5111.11111 -0.0000163385 -0.0000000000 -0.0000000000 
5123.12312 -0.0000163304 -0.0000000000 -0.0000000000 
5135.13514 -0.0000163212 -0.0000000000 -0.0000000000 
5147.14715 -0.0000163108 -0.0000000000 -0.0000000000 
5159.15916 -0.0000162992 -0.0000000000 -0.0000000000 
5171.17117 -0.0000162865 -0.0000000000 -0.0000000000 
5183.18318 -0.0000162725 -0.0000000000 -0.0000000000 
5195.19520 -0.0000162574 -0.0000000000 -0.0000000000 
5207.20721 -0.0000162410 -0.0000000000 -0.0000000000 
5219.21922 -0.0000162234 -0.0000000000 -0.0000000000 
5231.23123 -0.0000162045 -0.0000000000 -0.0000000000 
5243.24324 -0.0000161844 -0.0000000000 -0.0000000000 
5255.25526 -0.0000161630 -0.0000000000 -0.0000000000 
5267.26727 -0.0000161404 -0.0000000000 -0.0000000000 
5279.27928 -0.0000161164 -0.0000000000 -0.0000000000 
5291.29129 -0.0000160911 -0.0000000000 -0.0000000000 
5303.30330 -0.0000160645 -0.0000000000 -0.0000000000 
5315.31532 -0.0000160365 -0.0000000000 -0.0000000000 
5327.32733 -0.0000160072 -0.0000000000 -0.0000000000 
5339.33934 -0.0000159766 -0.0000000000 -0.0000000000 
5351.35135 -0.0000159445 -0.0000000000 -0.0000000000 
5363.36336 -0.0000159111 -0.0000000000 -0.0000000000 
5375.37538 -0.0000158762 -0.0000000000 -0.0000000000 
5387.38739 -0.0000158400 -0.0000000000 -0.0000000000 
5399.39940 -0.0000158023 -0.0000000000 -0.0000000000 
5411.41141 -0.0000157631 -0.0000000000 -0.0000000000 
5423.42342 -0.0000157225 -0.0000000000 -0.0000000000 
5435.43544 -0.0000156804 -0.0000000000 -0.0000000000 
5447.44745 -0.0000156369 -0.0000000000 -0.0000000000 
5459.45946 -0.0000155918 -0.0000000000 -0.0000000000 
5471.47147 -0.0000155452 -0.0000000000 -0.0000000000 
5483.48348 -0.0000154971 -0.0000000000 -0.0000000000 
5495.49550 -0.0000154474 -0.0000000000 -0.0000000000 
5507.50751 -0.0000153961 -0.0000000000 -0.0000000000 
5519.51952 -0.0000153433 -0.0000000000 -0.0000000000 
5531.53153 -0.0000152889 -0.0000000000 -0.0000000000 
5543.54354 -0.0000152329 -0.0000000000 -0.0000000000 
5555.55556 -0.0000151753 -0.0000000000 -0.0000000000 
5567.56757 -0.0000151160 -0.0000000000 -0.0000000000 
5579.57958 -0.0000150551 -0.0000000000 -0.0000000000 
5591.59159 -0.0000149925 -0.0000000000 -0.0000000000 
5603.60360 -0.0000149282 -0.0000000000 -0.0000000000 
5615.61562 -0.0000148622 -0.0000000000 -0.0000000000 
5627.62763 -0.0000147945 -0.0000000000 -0.0000000000 
5639.63964 -0.0000147251 -0.0000000000 -0.0000000000 
5651.65165 -0.0000146540 -0.0000000000 -0.0000000000 
5663.66366 -0.0000145810 -0.0000000000 -0.0000000000 
5675.67568 -0.0000145064 -0.0000000000 -0.0000000000 
5687.68769 -0.0000144299 -0.0000000000 -0.0000000000 
5699.69970 -0.0000143516 -0.0000000000 -0.0000000000 
5711.71171 -0.0000142715 -0.0000000000 -0.0000000000 
5723.72372 -0.0000141895 -0.0000000000 -0.0000000000 
5735.73574 -0.0000141057 -0.0000000000 -0.0000000000 
5747.74775 -0.0000140200 -0.0000000000 -0.0000000000 
5759.75976 -0.0000139324 -0.0000000000 -0.0000000000 
5771.77177 -0.0000138430 -0.0000000000 -0.0000000000 
5783.78378 -0.0000137516 -0.0000000000 -0.0000000000 
5795.79580 -0.0000136582 -0.0000000000 -0.0000000000 
5807.80781 -0.0000135629 -0.0000000000 -0.0000000000 
5819.81982 -0.0000134657 -0.0000000000 -0.0000000000 
5831.83183 -0.0000133664 -0.0000000000 -0.0000000000 
5843.84384 -0.0000132652 -0.0000000000 -0.0000000000 
5855.85586 -0.0000131619 -0.0000000000 -0.0000000000 
5867.86787 -0.0000130566 -0.0000000000 -0.0000000000 
5879.87988 -0.0000129492 -0.0000000000 -0.0000000000 
5891.89189 -0.0000128397 -0.0000000000 -0.0000000000 
5903.90390 -0.0000127282 -0.0000000000 -0.0000000000 
5915.91592 -0.0000126145 -0.0000000000 -0.0000000000 
5927.92793 -0.0000124988 -0.0000000000 -0.0000000000 
5939.93994 -0.0000123808 -0.0000000000 -0.0000000000 
5951.95195 -0.0000122607 -0.0000000000 -0.0000000000 
5963.96396 -0.0000121385 -0.0000000000 -0.0000000000 
5975.97598 -0.0000120140 -0.0000000000 -0.0000000000 
5987.98799 -0.0000118873 -0.0000000000 -0.0000000000 
6000.00000 -0.0000117584 -0.0000000000 -0.0000000000 
6012.01201 -0.0000116272 -0.0000000000 -0.0000000000 
6024.02402 -0.0000114937 -0.0000000000 -0.0000000000 
6036.03604 -0.0000113580 -0.0000000000 -0.0000000000 
6048.04805 -0.0000112199 -0.0000000000 -0.0000000000 
6060.06006 -0.0000110795 -0.0000000000 -0.0000000000 
6072.07207 -0.0000109368 -0.0000000000 -0.0000000000 
6084.08408 -0.0000107917 -0.0000000000 -0.0000000000 
6096.09610 -0.0000106442 -0.0000000000 -0.0000000000 
6108.10811 -0.0000104943 -0.0000000000 -0.0000000000 
6120.12012 -0.0000103420 -0.0000000000 -0.0000000000 
6132.13213 -0.0000101873 -0.0000000000 -0.0000000000 
6144.14414 -0.0000100301 -0.0000000000 -0.0000000000 
6156.15616 -0.0000098704 -0.0000000000 -0.0000000000 
6168.16817 -0.0000097081 -0.0000000000 -0.0000000000 
6180.18018 -0.0000095434 -0.0000000000 -0.0000000000 
6192.19219 -0.0000093762 -0.0000000000 -0.0000000000 
6204.20420 -0.0000092063 -0.0000000000 -0.0000000000 
6216.21622 -0.0000090339 -0.0000000000 -0.0000000000 
6228.22823 -0.0000088589 -0.0000000000 -0.0000000000 
6240.24024 -0.0000086813 -0.0000000000 -0.0000000000 
6252.25225 -0.0000085010 -0.0000000000 -0.0000000000 
6264.26426 -0.0000083181 -0.0000000000 -0.0000000000 
6276.27628 -0.0000081324 -0.0000000000 -0.0000000000 
6288.28829 -0.0000079441 -0.0000000000 -0.0000000000 
6300.30030 -0.0000077531 -0.0000000000 -0.0000000000 
6312.31231 -0.0000075593 -0.0000000000 -0.0000000000 
6324.32432 -0.0000073627 -0.0000000000 -0.0000000000 
6336.33634 -0.0000071634 -0.0000000000 -0.0000000000 
6348.34835 -0.0000069612 -0.0000000000 -0.0000000000 
6360.36036 -0.0000067562 -0.0000000000 -0.0000000000 
6372.37237 -0.0000065484 -0.0000000000 -0.0000000000 
6384.38438 -0.0000063377 -0.0000000000 -0.0000000000 
6396.39640 -0.0000061241 -0.0000000000 -0.0000000000 
6408.40841 -0.0000059075 -0.0000000000 -0.0000000000 
6420.42042 -0.0000056881 -0.0000000000 -0.0000000000 
6432.43243 -0.0000054657 -0.0000000000 -0.0000000000 
6444.44444 -0.0000052403 -0.0000000000 -0.0000000000 
6456.45646 -0.0000050119 -0.0000000000 -0.0000000000 
6468.46847 -0.0000047804 -0.0000000000 -0.0000000000 
6480.48048 -0.0000045460 -0.0000000000 -0.0000000000 
6492.49249 -0.0000043084 -0.0000000000 -0.0000000000 
6504.50450 -0.0000040678 -0.0000000000 -0.0000000000 
6516.51652 -0.0000038240 -0.0000000000 -0.0000000000 
6528.52853 -0.0000035771 -0.0000000000 -0.0000000000 
6540.54054 -0.0000033270 -0.0000000000 -0.0000000000 
6552.55255 -0.0000030738 -0.0000000000 -0.0000000000 
6564.56456 -0.0000028173 -0.0000000000 -0.0000000000 
6576.57658 -0.0000025576 -0.0000000000 -0.0000000000 
6588.58859 -0.0000022947 -0.0000000000 -0.0000000000 
6600.60060 -0.0000020285 -0.0000000000 -0.0000000000 
6612.61261 -0.0000017590 -0.0000000000 -0.0000000000 
6624.62462 -0.0000014861 -0.0000000000 -0.0000000000 
6636.63664 -0.0000012099 -0.0000000000 -0.0000000000 
6648.64865 -0.0000009303 -0.0000000000 -0.0000000000 
6660.66066 -0.0000006474 -0.0000000000 -0.0000000000 
6672.67267 -0.0000003610 -0.0000000000 -0.0000000000 
6684.68468 -0.0000000712 -0.0000000000 -0.0000000000 
6696.69670 0.0000002221 -0.0000000000 -0.0000000000 
6708.70871 0.0000005189 -0.0000000000 -0.0000000000 
6720.72072 0.0000008193 -0.0000000000 -0.0000000000 
6732.73273 0.0000011231 -0.0000000000 -0.0000000000 
6744.74474 0.0000014305 -0.0000000000 -0.0000000000 
6756.75676 0.0000017416 -0.0000000000 -0.0000000000 
6768.76877 0.0000020562 -0.0000000000 -0.0000000000 
6780.78078 0.0000023745 -0.0000000000 -0.0000000000 
6792.79279 0.0000026964 -0.0000000000 -0.0000000000 
6804.80480 0.0000030221 -0.0000000000 -0.0000000000 
6816.81682 0.0000033515 -0.0000000000 -0.0000000000 
6828.82883 0.0000036846 -0.0000000000 -0.0000000000 
6840.84084 0.0000040215 -0.0000000000 -0.0000000000 
6852.85285 0.0000043621 -0.0000000000 -0.0000000000 
6864.86486 0.0000047066 -0.0000000000 -0.0000000000 
6876.87688 0.0000050550 -0.0000000000 -0.0000000000 
6888.88889 0.0000054072 -0.0000000000 -0.0000000000 
6900.90090 0.0000057633 -0.0000000000 -0.0000000000 
6912.91291 0.0000061234 -0.0000000000 -0.0000000000 
6924.92492 0.0000064874 -0.0000000000 -0.0000000000 
6936.93694 0.0000068554 -0.0000000000 -0.0000000000 
6948.94895 0.0000072274 -0.0000000000 -0.0000000000 
6960.96096 0.0000076034 -0.0000000000 -0.0000000000 
6972.97297 0.0000079835 -0.0000000000 -0.0000000000 
6984.98498 0.0000083677 -0.0000000000 -0.0000000000 
6996.99700 0.0000087560 -0.0000000000 -0.0000000000 
7009.00901 0.0000091485 -0.0000000000 -0.0000000000 
7021.02102 0.0000095451 -0.0000000000 -0.0000000000 
7033.03303 0.0000099459 -0.0000000000 -0.0000000000 
7045.04505 0.0000103510 -0.0000000000 -0.0000000000 
7057.05706 0.0000107603 -0.0000000000 -0.0000000000 
7069.06907 0.0000111739 -0.0000000000 -0.0000000000 
7081.08108 0.0000115918 -0.0000000000 -0.0000000000 
7093.09309 0.0000120140 -0.0000000000 -0.0000000000 
7105.10511 0.0000124406 -0.0000000000 -0.0000000000 
7117.11712 0.0000128716 -0.0000000000 -0.0000000000 
7129.12913 0.0000133071 -0.0000000000 -0.0000000000 
7141.14114 0.0000137469 -0.0000000000 -0.0000000000 
7153.15315 0.0000141913 -0.0000000000 -0.0000000000 
7165.16517 0.0000146402 -0.0000000000 -0.0000000000 
7177.17718 0.0000150936 -0.0000000000 -0.0000000000 
7189.18919 0.0000155516 -0.0000000000 -0.0000000000 
7201.20120 0.0000160142 -0.0000000000 -0.0000000000 
7213.21321 0.0000164814 -0.0000000000 -0.0000000000 
7225.22523 0.0000169533 -0.0000000000 -0.0000000000 
7237.23724 0.0000174299 -0.0000000000 -0.0000000000 
7249.24925 0.0000179112 -0.0000000000 -0.0000000000 
7261.26126 0.0000183972 -0.0000000000 -0.0000000000 
7273.27327 0.0000188881 -0.0000000000 -0.0000000000 
7285.28529 0.0000193837 -0.0000000000 -0.0000000000 
7297.29730 0.0000198842 -0.0000000000 -0.0000000000 
7309.30931 0.0000203895 -0.0000000000 -0.0000000000 
7321.32132 0.0000208998 -0.0000000000 -0.0000000000 
7333.33333 0.0000214149 -0.0000000000 -0.0000000000 
7345.34535 0.0000219351 -0.0000000000 -0.0000000000 
7357.35736 0.0000224602 -0.0000000000 -0.0000000000 
7369.36937 0.0000229904 -0.0000000000 -0.0000000000 
7381.38138 0.0000235256 -0.0000000000 -0.0000000000 
7393.39339 0.0000240659 -0.0000000000 -0.0000000000 
7405.40541 0.0000246114 -0.0000000000 -0.0000000000 
7417.41742 0.0000251620 -0.0000000000 -0.0000000000 
7429.42943 0.0000257177 -0.0000000000 -0.0000000000 
7441.44144 0.0000262787 -0.0000000000 -0.0000000000 
7453.45345 0.0000268450 -0.0000000000 -0.0000000000 
7465.46547 0.0000274165 -0.0000000000 -0.0000000000 
7477.47748 0.0000279933 -0.0000000000 -0.0000000000 
7489.48949 0.0000285755 -0.0000000000 -0.0000000000 
7501.50150 0.0000291631 -0.0000000000 -0.0000000000 
7513.51351 0.0000297561 -0.0000000000 -0.0000000000 
7525.52553 0.0000303545 -0.0000000000 -0.0000000000 
7537.53754 0.0000309584 -0.0000000000 -0.0000000000 
7549.54955 0.0000315678 -0.0000000000 -0.0000000000 
7561.56156 0.0000321828 -0.0000000000 -0.0000000000 
7573.57357 0.0000328033 -0.0000000000 -0.0000000000 
7585.58559 0.0000334295 -0.0000000000 -0.0000000000 
7597.59760 0.0000340613 -0.0000000000 -0.0000000000 
7609.60961 0.0000346988 -0.0000000000 -0.0000000000 
7621.62162 0.0000353420 -0.0000000000 -0.0000000000 
7633.63363 0.0000359909 -0.0000000000 -0.0000000000 
7645.64565 0.0000366456 -0.0000000000 -0.0000000000 
7657.65766 0.0000373062 -0.0000000000 -0.0000000000 
7669.66967 0.0000379726 -0.0000000000 -0.0000000000 
7681.68168 0.0000386449 -0.0000000000 -0.0000000000 
7693.69369 0.0000393231 -0.0000000000 -0.0000000000 
7705.70571 0.0000400073 -0.0000000000 -0.0000000000 
7717.71772 0.0000406974 -0.0000000000 -0.0000000000 
7729.72973 0.0000413936 -0.0000000000 -0.0000000000 
7741.74174 0.0000420959 -0.0000000000 -0.0000000000 
7753.75375 0.0000428043 -0.0000000000 -0.0000000000 
7765.76577 0.0000435188 -0.0000000000 -0.0000000000 
7777.77778 0.0000442394 -0.0000000000 -0.0000000000 
7789.78979 0.0000449663 -0.0000000000 -0.0000000000 
7801.80180 0.0000456995 -0.0000000000 -0.0000000000 
7813.81381 0.0000464389 -0.0000000000 -0.0000000000 
7825.82583 0.0000471846 -0.0000000000 -0.0000000000 
7837.83784 0.0000479367 -0.0000000000 -0.0000000000 
7849.84985 0.0000486951 -0.0000000000 -0.0000000000 
7861.86186 0.0000494601 -0.0000000000 -0.0000000000 
7873.87387 0.0000502314 -0.0000000000 -0.0000000000 
7885.88589 0.0000510093 -0.0000000000 -0.0000000000 
7897.89790 0.0000517937 -0.0000000000 -0.0000000000 
7909.90991 0.0000525847 -0.0000000000 -0.0000000000 
7921.92192 0.0000533823 -0.0000000000 -0.0000000000 
7933.93393 0.0000541866 -0.0000000000 -0.0000000000 
7945.94595 0.0000549976 -0.0000000000 -0.0000000000 
7957.95796 0.0000558152 -0.0000000000 -0.0000000000 
7969.96997 0.0000566397 -0.0000000000 -0.0000000000 
7981.98198 0.0000574710 -0.0000000000 -0.0000000000 
7993.99399 0.0000583091 -0.0000000000 -0.0000000000 
8006.00601 0.0000591541 -0.0000000000 -0.0000000000 
8018.01802 0.0000600060 -0.0000000000 -0.0000000000 
8030.03003 0.0000608649 -0.0000000000 -0.0000000000 
8042.04204 0.0000617308 -0.0000000000 -0.0000000000 
8054.05405 0.0000626037 -0.0000000000 -0.0000000000 
8066.06607 0.0000634838 -0.0000000000 -0.0000000000 
8078.07808 0.0000643709 -0.0000000000 -0.0000000000 
8090.09009 0.0000652652 -0.0000000000 -0.0000000000 
8102.10210 0.0000661667 -0.0000000000 -0.0000000000 
8114.11411 0.0000670755 -0.0000000000 -0.0000000000 
8126.12613 0.0000679915 -0.0000000000 -0.0000000000 
8138.13814 0.0000689148 -0.0000000000 -0.0000000000 
8150.15015 0.0000698456 -0.0000000000 -0.0000000000 
8162.16216 0.0000707837 -0.0000000000 -0.0000000000 
8174.17417 0.0000717293 -0.0000000000 -0.0000000000 
8186.18619 0.0000726823 -0.0000000000 -0.0000000000 
8198.19820 0.0000736429 -0.0000000000 -0.0000000000 
8210.21021 0.0000746111 -0.0000000000 -0.0000000000 
8222.22222 0.0000755868 -0.0000000000 -0.0000000000 
8234.23423 0.0000765703 -0.0000000000 -0.0000000000 
8246.24625 0.0000775614 -0.0000000000 -0.0000000000 
8258.25826 0.0000785603 -0.0000000000 -0.0000000000 
8270.27027 0.0000795669 -0.0000000000 -0.0000000000 
8282.28228 0.0000805814 -0.0000000000 -0.0000000000 
8294.29429 0.0000816037 -0.0000000000 -0.0000000000 
8306.30631 0.0000826339 -0.0000000000 -0.0000000000 
8318.31832 0.0000836721 -0.0000000000 -0.0000000000 
8330.33033 0.0000847183 -0.0000000000 -0.0000000000 
8342.34234 0.0000857725 -0.0000000000 -0.0000000000 
8354.35435 0.0000868348 -0.0000000000 -0.0000000000 
8366.36637 0.0000879053 -0.0000000000 -0.0000000000 
8378.37838 0.0000889839 -0.0000000000 -0.0000000000 
8390.39039 0.0000900707 -0.0000000000 -0.0000000000 
8402.40240 0.0000911657 -0.0000000000 -0.0000000000 
8414.41441 0.0000922691 -0.0000000000 -0.0000000000 
8426.42643 0.0000933808 -0.0000000000 -0.0000000000 
8438.43844 0.0000945009 -0.0000000000 -0.0000000000 
8450.45045 0.0000956295 -0.0000000000 -0.0000000000 
8462.46246 0.0000967665 -0.0000000000 -0.0000000000 
8474.47447 0.0000979120 -0.0000000000 -0.0000000000 
8486.48649 0.0000990661 -0.0000000000 -0.0000000000 
8498.49850 0.0001002289 -0.0000000000 -0.0000000000 
8510.51051 0.0001014003 -0.0000000000 -0.0000000000 
8522.52252 0.0001025804 -0.0000000000 -0.0000000000 
8534.53453 0.0001037692 -0.0000000000 -0.0000000000 
8546.54655 0.0001049669 -0.0000000000 -0.0000000000 
8558.55856 0.0001061734 -0.0000000000 -0.0000000000 
8570.57057 0.0001073888 -0.0000000000 -0.0000000000 
8582.58258 0.0001086131 -0.0000000000 -0.0000000000 
8594.59459 0.0001098464 -0.0000000000 -0.0000000000 
8606.60661 0.0001110888 -0.0000000000 -0.0000000000 
8618.61862 0.0001123402 -0.0000000000 -0.0000000000 
8630.63063 0.0001136008 -0.0000000000 -0.0000000000 
8642.64264 0.0001148705 -0.0000000000 -0.0000000000 
8654.65465 0.0001161495 -0.0000000000 -0.0000000000 
8666.66667 0.0001174377 -0.0000000000 -0.0000000000 
8678.67868 0.0001187352 -0.0000000000 -0.0000000000 
8690.69069 0.0001200421 -0.0000000000 -0.0000000000 
8702.70270 0.0001213585 -0.0000000000 -0.0000000000 
8714.71471 0.0001226843 -0.0000000000 -0.0000000000 
8726.72673 0.0001240196 -0.0000000000 -0.0000000000 
8738.73874 0.0001253644 -0.0000000000 -0.0000000000 
8750.75075 0.0001267189 -0.0000000000 -0.0000000000 
8762.76276 0.0001280830 -0.0000000000 -0.0000000000 
8774.77477 0.0001294569 -0.0000000000 -0.0000000000 
8786.78679 0.0001308405 -0.0000000000 -0.0000000000 
8798.79880 0.0001322339 -0.0000000000 -0.0000000000 
8810.81081 0.0001336371 -0.0000000000 -0.0000000000 
8822.82282 0.0001350503 -0.0000000000 -0.0000000000 
8834.83483 0.0001364735 -0.0000000000 -0.0000000000 
8846.84685 0.0001379066 -0.0000000000 -0.0000000000 
8858.85886 0.0001393498 -0.0000000000 -0.0000000000 
8870.87087 0.0001408031 -0.0000000000 -0.0000000000 
8882.88288 0.0001422666 -0.0000000000 -0.0000000000 
8894.89489 0.0001437403 -0.0000000000 -0.0000000000 
8906.90691 0.0001452242 -0.0000000000 -0.0000000000 
8918.91892 0.0001467185 -0.0000000000 -0.0000000000 
8930.93093 0.0001482231 -0.0000000000 -0.0000000000 
8942.94294 0.0001497382 -0.0000000000 -0.0000000000 
8954.95495 0.0001512637 -0.0000000000 -0.0000000000 
8966.96697 0.0001527998 -0.0000000000 -0.0000000000 
8978.97898 0.0001543464 -0.0000000000 -0.0000000000 
8990.99099 0.0001559037 -0.0000000000 -0.0000000000 
9003.00300 0.0001574716 -0.0000000000 -0.0000000000 
9015.01502 0.0001590503 -0.0000000000 -0.0000000000 
9027.02703 0.0001606398 -0.0000000000 -0.0000000000 
9039.03904 0.0001622401 -0.0000000000 -0.0000000000 
9051.05105 0.0001638513 -0.0000000000 -0.0000000000 
9063.06306 0.0001654734 -0.0000000000 -0.0000000000 
9075.07508 0.0001671066 -0.0000000000 -0.0000000000 
9087.08709 0.0001687508 -0.0000000000 -0.0000000000 
9099.09910 0.0001704061 -0.0000000000 -0.0000000000 
9111.11111 0.0001720726 -0.0000000000 -0.0000000000 
9123.12312 0.0001737503 -0.0000000000 -0.0000000000 
9135.13514 0.0001754393 -0.0000000000 -0.0000000000 
9147.14715 0.0001771397 -0.0000000000 -0.0000000000 
9159.15916 0.0001788514 -0.0000000000 -0.0000000000 
9171.17117 0.0001805745 -0.0000000000 -0.0000000000 
9183.18318 0.0001823092 -0.0000000000 -0.0000000000 
9195.19520 0.0001840554 -0.0000000000 -0.0000000000 
9207.20721 0.0001858132 -0.0000000000 -0.0000000000 
9219.21922 0.0001875827 -0.0000000000 -0.0000000000 
9231.23123 0.0001893639 -0.0000000000 -0.0000000000 
9243.24324 0.0001911568 -0.0000000000 -0.0000000000 
9255.25526 0.0001929617 -0.0000000000 -0.0000000000 
9267.26727 0.0001947784 -0.0000000000 -0.0000000000 
9279.27928 0.0001966070 -0.0000000000 -0.0000000000 
9291.29129 0.0001984477 -0.0000000000 -0.0000000000 
9303.30330 0.0002003004 -0.0000000000 -0.0000000000 
9315.31532 0.0002021653 -0.0000000000 -0.0000000000 
9327.32733 0.0002040423 -0.0000000000 -0.0000000000 
9339.33934 0.0002059316 -0.0000000000 -0.0000000000 
9351.35135 0.0002078332 -0.0000000000 -0.0000000000 
9363.36336 0.0002097471 -0.0000000000 -0.0000000000 
9375.37538 0.0002116734 -0.0000000000 -0.0000000000 
9387.38739 0.0002136123 -0.0000000000 -0.0000000000 
9399.39940 0.0002155636 -0.0000000000 -0.0000000000 
9411.41141 0.0002175276 -0.0000000000 -0.0000000000 
9423.42342 0.0002195042 -0.0000000000 -0.0000000000 
9435.43544 0.0002214935 -0.0000000000 -0.0000000000 
9447.44745 0.0002234955 -0.0000000000 -0.0000000000 
9459.45946 0.0002255105 -0.0000000000 -0.0000000000 
9471.47147 0.0002275383 -0.0000000000 -0.0000000000 
9483.48348 0.0002295790 -0.0000000000 -0.0000000000 
9495.49550 0.0002316328 -0.0000000000 -0.0000000000 
9507.50751 0.0002336996 -0.0000000000 -0.0000000000 
9519.51952 0.0002357796 -0.0000000000 -0.0000000000 
9531.53153 0.0002378728 -0.0000000000 -0.0000000000 
9543.54354 0.0002399793 -0.0000000000 -0.0000000000 
9555.55556 0.0002420990 -0.0000000000 -0.0000000000 
9567.56757 0.0002442322 -0.0000000000 -0.0000000000 
9579.57958 0.0002463787 -0.0000000000 -0.0000000000 
9591.59159 0.0002485388 -0.0000000000 -0.0000000000 
9603.60360 0.0002507125 -0.0000000000 -0.0000000000 
9615.61562 0.0002528998 -0.0000000000 -0.0000000000 
9627.62763 0.0002551008 -0.0000000000 -0.0000000000 
9639.63964 0.0002573156 -0.0000000000 -0.0000000000 
9651.65165 0.0002595441 -0.0000000000 -0.0000000000 
9663.66366 0.0002617866 -0.0000000000 -0.0000000000 
9675.67568 0.0002640430 -0.0000000000 -0.0000000000 
9687.68769 0.0002663134 -0.0000000000 -0.0000000000 
9699.69970 0.0002685979 -0.0000000000 -0.0000000000 
9711.71171 0.0002708966 -0.0000000000 -0.0000000000 
9723.72372 0.0002732094 -0.0000000000 -0.0000000000 
9735.73574 0.0002755366 -0.0000000000 -0.0000000000 
9747.74775 0.0002778780 -0.0000000000 -0.0000000000 
9759.75976 0.0002802339 -0.0000000000 -0.0000000000 
9771.77177 0.0002826042 -0.0000000000 -0.0000000000 
9783.78378 0.0002849891 -0.0000000000 -0.0000000000 
9795.79580 0.0002873886 -0.0000000000 -0.0000000000 
9807.80781 0.0002898027 -0.0000000000 -0.0000000000 
9819.81982 0.0002922316 -0.0000000000 -0.0000000000 
9831.83183 0.0002946753 -0.0000000000 -0.0000000000 
9843.84384 0.0002971338 -0.0000000000 -0.0000000000 
9855.85586 0.0002996073 -0.0000000000 -0.0000000000 
9867.86787 0.0003020957 -0.0000000000 -0.0000000000 
9879.87988 0.0003045993 -0.0000000000 -0.0000000000 
9891.89189 0.0003071179 -0.0000000000 -0.0000000000 
9903.90390 0.0003096518 -0.0000000000 -0.0000000000 
9915.91592 0.0003122010 -0.0000000000 -0.0000000000 
9927.92793 0.0003147654 -0.0000000000 -0.0000000000 
9939.93994 0.0003173453 -0.0000000000 -0.0000000000 
9951.95195 0.0003199407 -0.0000000000 -0.0000000000 
9963.96396 0.0003225516 -0.0000000000 -0.0000000000 
9975.97598 0.0003251781 -0.0000000000 -0.0000000000 
9987.98799 0.0003278204 -0.0000000000 -0.0000000000 
10000.00000 0.0003304783 -0.0000000000 -0.0000000000 
10012.01201 0.0003331521 -0.0000000000 -0.0000000000 
10024.02402 0.0003358418 -0.0000000000 -0.0000000000 
10036.03604 0.0003385474 -0.0000000000 -0.0000000000 
10048.04805 0.0003412691 -0.0000000000 -0.0000000000 
10060.06006 0.0003440069 -0.0000000000 -0.0000000000 
10072.07207 0.0003467609 -0.0000000000 -0.0000000000 
10084.08408 0.0003495311 -0.0000000000 -0.0000000000 
10096.09610 0.0003523176 -0.0000000000 -0.0000000000 
10108.10811 0.0003551205 -0.0000000000 -0.0000000000 
10120.12012 0.0003579399 -0.0000000000 -0.0000000000 
10132.13213 0.0003607758 -0.0000000000 -0.0000000000 
10144.14414 0.0003636284 -0.0000000000 -0.0000000000 
10156.15616 0.0003664976 -0.0000000000 -0.0000000000 
10168.16817 0.0003693835 -0.0000000000 -0.0000000000 
10180.18018 0.0003722863 -0.0000000000 -0.0000000000 
10192.19219 0.0003752060 -0.0000000000 -0.0000000000 
10204.20420 0.0003781426 -0.0000000000 -0.0000000000 
10216.21622 0.0003810963 -0.0000000000 -0.0000000000 
10228.22823 0.0003840671 -0.0000000000 -0.0000000000 
10240.24024 0.0003870551 -0.0000000000 -0.0000000000 
10252.25225 0.0003900604 -0.0000000000 -0.0000000000 
10264.26426 0.0003930830 -0.0000000000 -0.0000000000 
10276.27628 0.0003961230 -0.0000000000 -0.0000000000 
10288.28829 0.0003991805 -0.0000000000 -0.0000000000 
10300.30030 0.0004022556 -0.0000000000 -0.0000000000 
10312.31231 0.0004053483 -0.0000000000 -0.0000000000 
10324.32432 0.0004084588 -0.0000000000 -0.0000000000 
10336.33634 0.0004115870 -0.0000000000 -0.0000000000 
10348.34835 0.0004147331 -0.0000000000 -0.0000000000 
10360.36036 0.0004178971 -0.0000000000 -0.0000000000 
10372.37237 0.0004210792 -0.0000000000 -0.0000000000 
10384.38438 0.0004242794 -0.0000000000 -0.0000000000 
10396.39640 0.0004274977 -0.0000000000 -0.0000000000 
10408.40841 0.0004307343 -0.0000000000 -0.0000000000 
10420.42042 0.0004339892 -0.0000000000 -0.0000000000 
10432.43243 0.0004372626 -0.0000000000 -0.0000000000 
10444.44444 0.0004405544 -0.0000000000 -0.0000000000 
10456.45646 0.0004438648 -0.0000000000 -0.0000000000 
10468.46847 0.0004471938 -0.0000000000 -0.0000000000 
10480.48048 0.0004505416 -0.0000000000 -0.0000000000 
10492.49249 0.0004539081 -0.0000000000 -0.0000000000 
10504.50450 0.0004572936 -0.0000000000 -0.0000000000 
10516.51652 0.0004606980 -0.0000000000 -0.0000000000 
10528.52853 0.0004641214 -0.0000000000 -0.0000000000 
10540.54054 0.0004675640 -0.0000000000 -0.0000000000 
10552.55255 0.0004710257 -0.0000000000 -0.0000000000 
10564.56456 0.0004745067 -0.0000000000 -0.0000000000 
10576.57658 0.0004780071 -0.0000000000 -0.0000000000 
10588.58859 0.0004815270 -0.0000000000 -0.0000000000 
10600.60060 0.0004850663 -0.0000000000 -0.0000000000 
10612.61261 0.0004886253 -0.0000000000 -0.0000000000 
10624.62462 0.0004922039 -0.0000000000 -0.0000000000 
10636.63664 0.0004958023 -0.0000000000 -0.0000000000 
10648.64865 0.0004994206 -0.0000000000 -0.0000000000 
10660.66066 0.0005030588 -0.0000000000 -0.0000000000 
10672.67267 0.0005067170 -0.0000000000 -0.0000000000 
10684.68468 0.0005103953 -0.0000000000 -0.0000000000 
10696.69670 0.0005140938 -0.0000000000 -0.0000000000 
10708.70871 0.0005178125 -0.0000000000 -0.0000000000 
10720.72072 0.0005215516 -0.0000000000 -0.0000000000 
10732.73273 0.0005253111 -0.0000000000 -0.0000000000 
10744.74474 0.0005290912 -0.0000000000 -0.0000000000 
10756.75676 0.0005328918 -0.0000000000 -0.0000000000 
10768.76877 0.0005367131 -0.0000000000 -0.0000000000 
10780.78078 0.0005405552 -0.0000000000 -0.0000000000 
10792.79279 0.0005444181 -0.0000000000 -0.0000000000 
10804.80480 0.0005483020 -0.0000000000 -0.0000000000 
10816.81682 0.0005522069 -0.0000000000 -0.0000000000 
10828.82883 0.0005561329 -0.0000000000 -0.0000000000 
10840.84084 0.0005600801 -0.0000000000 -0.0000000000 
10852.85285 0.0005640486 -0.0000000000 -0.0000000000 
10864.86486 0.0005680384 -0.0000000000 -0.0000000000 
10876.87688 0.0005720497 -0.0000000000 -0.0000000000 
10888.88889 0.0005760826 -0.0000000000 -0.0000000000 
10900.90090 0.0005801370 -0.0000000000 -0.0000000000 
10912.91291 0.0005842132 -0.0000000000 -0.0000000000 
10924.92492 0.0005883112 -0.0000000000 -0.0000000000 
10936.93694 0.0005924311 -0.0000000000 -0.0000000000 
10948.94895 0.0005965730 -0.0000000000 -0.0000000000 
10960.96096 0.0006007369 -0.0000000000 -0.0000000000 
10972.97297 0.0006049230 -0.0000000000 -0.0000000000 
10984.98498 0.0006091313 -0.0000000000 -0.0000000000 
10996.99700 0.0006133620 -0.0000000000 -0.0000000000 
11009.00901 0.0006176151 -0.0000000000 -0.0000000000 
11021.02102 0.0006218907 -0.0000000000 -0.0000000000 
11033.03303 0.0006261889 -0.0000000000 -0.0000000000 
11045.04505 0.0006305098 -0.0000000000 -0.0000000000 
11057.05706 0.0006348535 -0.0000000000 -0.0000000000 
11069.06907 0.0006392201 -0.0000000000 -0.0000000000 
11081.08108 0.0006436096 -0.0000000000 -0.0000000000 
11093.09309 0.0006480222 -0.0000000000 -0.0000000000 
11105.10511 0.0006524580 -0.0000000000 -0.0000000000 
11117.11712 0.0006569169 -0.0000000000 -0.0000000000 
11129.12913 0.0006613993 -0.0000000000 -0.0000000000 
11141.14114 0.0006659050 -0.0000000000 -0.0000000000 
11153.15315 0.0006704343 -0.0000000000 -0.0000000000 
11165.16517 0.0006749872 -0.0000000000 -0.0000000000 
11177.17718 0.0006795638 -0.0000000000 -0.0000000000 
11189.18919 0.0006841641 -0.0000000000 -0.0000000000 
11201.20120 0.0006887884 -0.0000000000 -0.0000000000 
11213.21321 0.0006934367 -0.0000000000 -0.0000000000 
11225.22523 0.0006981090 -0.0000000000 -0.0000000000 
11237.23724 0.0007028055 -0.0000000000 -0.0000000000 
11249.24925 0.0007075263 -0.0000000000 -0.0000000000 
11261.26126 0.0007122715 -0.0000000000 -0.0000000000 
11273.27327 0.0007170411 -0.0000000000 -0.0000000000 
11285.28529 0.0007218353 -0.0000000000 -0.0000000000 
11297.29730 0.0007266541 -0.0000000000 -0.0000000000 
11309.30931 0.0007314977 -0.0000000000 -0.0000000000 
11321.32132 0.0007363661 -0.0000000000 -0.0000000000 
11333.33333 0.0007412594 -0.0000000000 -0.0000000000 
11345.34535 0.0007461778 -0.0000000000 -0.0000000000 
11357.35736 0.0007511213 -0.0000000000 -0.0000000000 
11369.36937 0.0007560901 -0.0000000000 -0.0000000000 
11381.38138 0.0007610842 -0.0000000000 -0.0000000000 
11393.39339 0.0007661037 -0.0000000000 -0.0000000000 
11405.40541 0.0007711487 -0.0000000000 -0.0000000000 
11417.41742 0.0007762194 -0.0000000000 -0.0000000000 
11429.42943 0.0007813157 -0.0000000000 -0.0000000000 
11441.44144 0.0007864379 -0.0000000000 -0.0000000000 
11453.45345 0.0007915861 -0.0000000000 -0.0000000000 
11465.46547 0.0007967602 -0.0000000000 -0.0000000000 
11477.47748 0.0008019605 -0.0000000000 -0.0000000000 
11489.48949 0.0008071869 -0.0000000000 -0.0000000000 
11501.50150 0.0008124397 -0.0000000000 -0.0000000000 
11513.51351 0.0008177190 -0.0000000000 -0.0000000000 
11525.52553 0.0008230247 -0.0000000000 -0.0000000000 
11537.53754 0.0008283571 -0.0000000000 -0.0000000000 
11549.54955 0.0008337162 -0.0000000000 -0.0000000000 
11561.56156 0.0008391021 -0.0000000000 -0.0000000000 
11573.57357 0.0008445149 -0.0000000000 -0.0000000000 
11585.58559 0.0008499548 -0.0000000000 -0.0000000000 
11597.59760 0.0008554218 -0.0000000000 -0.0000000000 
11609.60961 0.0008609161 -0.0000000000 -0.0000000000 
11621.62162 0.0008664376 -0.0000000000 -0.0000000000 
11633.63363 0.0008719867 -0.0000000000 -0.0000000000 
11645.64565 0.0008775633 -0.0000000000 -0.0000000000 
11657.65766 0.0008831675 -0.0000000000 -0.0000000000 
11669.66967 0.0008887995 -0.0000000000 -0.0000000000 
11681.68168 0.0008944593 -0.0000000000 -0.0000000000 
11693.69369 0.0009001471 -0.0000000000 -0.0000000000 
11705.70571 0.0009058630 -0.0000000000 -0.0000000000 
11717.71772 0.0009116070 -0.0000000000 -0.0000000000 
11729.72973 0.0009173794 -0.0000000000 -0.0000000000 
11741.74174 0.0009231801 -0.0000000000 -0.0000000000 
11753.75375 0.0009290093 -0.0000000000 -0.0000000000 
11765.76577 0.0009348671 -0.0000000000 -0.0000000000 
11777.77778 0.0009407536 -0.0000000000 -0.0000000000 
11789.78979 0.0009466689 -0.0000000000 -0.0000000000 
11801.80180 0.0009526132 -0.0000000000 -0.0000000000 
11813.81381 0.0009585864 -0.0000000000 -0.0000000000 
11825.82583 0.0009645888 -0.0000000000 -0.0000000000 
11837.83784 0.0009706205 -0.0000000000 -0.0000000000 
11849.84985 0.0009766815 -0.0000000000 -0.0000000000 
11861.86186 0.0009827720 -0.0000000000 -0.0000000000 
11873.87387 0.0009888920 -0.0000000000 -0.0000000000 
11885.88589 0.0009950417 -0.0000000000 -0.0000000000 
11897.89790 0.0010012212 -0.0000000000 -0.0000000000 
11909.90991 0.0010074306 -0.0000000000 -0.0000000000 
11921.92192 0.0010136700 -0.0000000000 -0.0000000000 
11933.93393 0.0010199396 -0.0000000000 -0.0000000000 
11945.94595 0.0010262394 -0.0000000000 -0.0000000000 
11957.95796 0.0010325695 -0.0000000000 -0.0000000000 
11969.96997 0.0010389300 -0.0000000000 -0.0000000000 
11981.98198 0.0010453212 -0.0000000000 -0.0000000000 
11993.99399 0.0010517430 -0.0000000000 -0.0000000000 
12006.00601 0.0010581956 -0.0000000000 -0.0000000000 
12018.01802 0.0010646791 -0.0000000000 -0.0000000000 
12030.03003 0.0010711936 -0.0000000000 -0.0000000000 
12042.04204 0.0010777392 -0.0000000000 -0.0000000000 
12054.05405 0.0010843161 -0.0000000000 -0.0000000000 
12066.06607 0.0010909243 -0.0000000000 -0.0000000000 
12078.07808 0.0010975640 -0.0000000000 -0.0000000000 
12090.09009 0.0011042353 -0.0000000000 -0.0000000000 
12102.10210 0.0011109383 -0.0000000000 -0.0000000000 
12114.11411 0.0011176731 -0.0000000000 -0.0000000000 
12126.12613 0.0011244399 -0.0000000000 -0.0000000000 
12138.13814 0.0011312387 -0.0000000000 -0.0000000000 
12150.15015 0.0011380696 -0.0000000000 -0.0000000000 
12162.16216 0.0011449328 -0.0000000000 -0.0000000000 
12174.17417 0.0011518284 -0.0000000000 -0.0000000000 
12186.18619 0.0011587565 -0.0000000000 -0.0000000000 
12198.19820 0.0011657173 -0.0000000000 -0.0000000000 
12210.21021 0.0011727108 -0.0000000000 -0.0000000000 
12222.22222 0.0011797371 -0.0000000000 -0.0000000000 
12234.23423 0.0011867965 -0.0000000000 -0.0000000000 
12246.24625 0.0011938889 -0.0000000000 -0.0000000000 
12258.25826 0.0012010146 -0.0000000000 -0.0000000000 
12270.27027 0.0012081735 -0.0000000000 -0.0000000000 
12282.28228 0.0012153660 -0.0000000000 -0.0000000000 
12294.29429 0.0012225920 -0.0000000000 -0.0000000000 
12306.30631 0.0012298517 -0.0000000000 -0.0000000000 
12318.31832 0.0012371452 -0.0000000000 -0.0000000000 
12330.33033 0.0012444727 -0.0000000000 -0.0000000000 
12342.34234 0.0012518342 -0.0000000000 -0.0000000000 
12354.35435 0.0012592299 -0.0000000000 -0.0000000000 
12366.36637 0.0012666599 -0.0000000000 -0.0000000000 
12378.37838 0.0012741243 -0.0000000000 -0.0000000000 
12390.39039 0.0012816233 -0.0000000000 -0.0000000000 
12402.40240 0.0012891569 -0.0000000000 -0.0000000000 
12414.41441 0.0012967253 -0.0000000000 -0.0000000000 
12426.42643 0.0013043286 -0.0000000000 -0.0000000000 
12438.43844 0.0013119669 -0.0000000000 -0.0000000000 
12450.45045 0.0013196404 -0.0000000000 -0.0000000000 
12462.46246 0.0013273492 -0.0000000000 -0.0000000000 
12474.47447 0.0013350934 -0.0000000000 -0.0000000000 
12486.48649 0.0013428731 -0.0000000000 -0.0000000000 
12498.49850 0.0013506885 -0.0000000000 -0.0000000000 
12510.51051 0.0013585396 -0.0000000000 -0.0000000000 
12522.52252 0.0013664267 -0.0000000000 -0.0000000000 
12534.53453 0.0013743497 -0.0000000000 -0.0000000000 
12546.54655 0.0013823090 -0.0000000000 -0.0000000000 
12558.55856 0.0013903045 -0.0000000000 -0.0000000000 
12570.57057 0.0013983364 -0.0000000000 -0.0000000000 
12582.58258 0.0014064049 -0.0000000000 -0.0000000000 
12594.59459 0.0014145100 -0.0000000000 -0.0000000000 
12606.60661 0.0014226519 -0.0000000000 -0.0000000000 
12618.61862 0.0014308307 -0.0000000000 -0.0000000000 
12630.63063 0.0014390466 -0.0000000000 -0.0000000000 
12642.64264 0.0014472996 -0.0000000000 -0.0000000000 
12654.65465 0.0014555900 -0.0000000000 -0.0000000000 
12666.66667 0.0014639178 -0.0000000000 -0.0000000000 
12678.67868 0.0014722831 -0.0000000000 -0.0000000000 
12690.69069 0.0014806862 -0.0000000000 -0.0000000000 
12702.70270 0.0014891270 -0.0000000000 -0.0000000000 
12714.71471 0.0014976059 -0.0000000000 -0.0000000000 
12726.72673 0.0015061228 -0.0000000000 -0.0000000000 
12738.73874 0.0015146779 -0.0000000000 -0.0000000000 
12750.75075 0.0015232713 -0.0000000000 -0.0000000000 
12762.76276 0.0015319033 -0.0000000000 -0.0000000000 
12774.77477 0.0015405738 -0.0000000000 -0.0000000000 
12786.78679 0.0015492831 -0.0000000000 -0.0000000000 
12798.79880 0.0015580313 -0.0000000000 -0.0000000000 
12810.81081 0.0015668185 -0.0000000000 -0.0000000000 
12822.82282 0.0015756448 -0.0000000000 -0.0000000000 
12834.83483 0.0015845104 -0.0000000000 -0.0000000000 
12846.84685 0.0015934154 -0.0000000000 -0.0000000000 
12858.85886 0.0016023599 -0.0000000000 -0.0000000000 
12870.87087 0.0016113442 -0.0000000000 -0.0000000000 
12882.88288 0.0016203682 -0.0000000000 -0.0000000000 
12894.89489 0.0016294322 -0.0000000000 -0.0000000000 
12906.90691 0.0016385363 -0.0000000000 -0.0000000000 
12918.91892 0.0016476806 -0.0000000000 -0.0000000000 
12930.93093 0.0016568653 -0.0000000000 -0.0000000000 
12942.94294 0.0016660904 -0.0000000000 -0.0000000000 
12954.95495 0.0016753562 -0.0000000000 -0.0000000000 
12966.96697 0.0016846627 -0.0000000000 -0.0000000000 
12978.97898 0.0016940102 -0.0000000000 -0.0000000000 
12990.99099 0.0017033987 -0.0000000000 -0.0000000000 
13003.00300 0.0017128284 -0.0000000000 -0.0000000000 
13015.01502 0.0017222994 -0.0000000000 -0.0000000000 
13027.02703 0.0017318119 -0.0000000000 -0.0000000000 
13039.03904 0.0017413659 -0.0000000000 -0.0000000000 
13051.05105 0.0017509617 -0.0000000000 -0.0000000000 
13063.06306 0.0017605994 -0.0000000000 -0.0000000000 
13075.07508 0.0017702791 -0.0000000000 -0.0000000000 
13087.08709 0.0017800010 -0.0000000000 -0.0000000000 
13099.09910 0.0017897652 -0.0000000000 -0.0000000000 
13111.11111 0.0017995718 -0.0000000000 -0.0000000000 
13123.12312 0.0018094210 -0.0000000000 -0.0000000000 
13135.13514 0.0018193129 -0.0000000000 -0.0000000000 
13147.14715 0.0018292477 -0.0000000000 -0.0000000000 
13159.15916 0.0018392255 -0.0000000000 -0.0000000000 
13171.17117 0.0018492465 -0.0000000000 -0.0000000000 
13183.18318 0.0018593108 -0.0000000000 -0.0000000000 
13195.19520 0.0018694185 -0.0000000000 -0.0000000000 
13207.20721 0.0018795698 -0.0000000000 -0.0000000000 
13219.21922 0.0018897648 -0.0000000000 -0.0000000000 
13231.23123 0.0019000037 -0.0000000000 -0.0000000000 
13243.24324 0.0019102866 -0.0000000000 -0.0000000000 
13255.25526 0.0019206137 -0.0000000000 -0.0000000000 
13267.26727 0.0019309851 -0.0000000000 -0.0000000000 
13279.27928 0.0019414010 -0.0000000000 -0.0000000000 
13291.29129 0.0019518614 -0.0000000000 -0.0000000000 
13303.30330 0.0019623666 -0.0000000000 -0.0000000000 
13315.31532 0.0019729168 -0.0000000000 -0.0000000000 
13327.32733 0.0019835119 -0.0000000000 -0.0000000000 
13339.33934 0.0019941523 -0.0000000000 -0.0000000000 
13351.35135 0.0020048380 -0.0000000000 -0.0000000000 
13363.36336 0.0020155692 -0.0000000000 -0.0000000000 
13375.37538 0.0020263460 -0.0000000000 -0.0000000000 
13387.38739 0.0020371686 -0.0000000000 -0.0000000000 
13399.39940 0.0020480372 -0.0000000000 -0.0000000000 
13411.41141 0.0020589519 -0.0000000000 -0.0000000000 
13423.42342 0.0020699128 -0.0000000000 -0.0000000000 
13435.43544 0.0020809200 -0.0000000000 -0.0000000000 
13447.44745 0.0020919739 -0.0000000000 -0.0000000000 
13459.45946 0.0021030744 -0.0000000000 -0.0000000000 
13471.47147 0.0021142218 -0.0000000000 -0.0000000000 
13483.48348 0.0021254161 -0.0000000000 -0.0000000000 
13495.49550 0.0021366576 -0.0000000000 -0.0000000000 
13507.50751 0.0021479465 -0.0000000000 -0.0000000000 
13519.51952 0.0021592827 -0.0000000000 -0.0000000000 
13531.53153 0.0021706666 -0.0000000000 -0.0000000000 
13543.54354 0.0021820983 -0.0000000000 -0.0000000000 
13555.55556 0.0021935778 -0.0000000000 -0.0000000000 
13567.56757 0.0022051055 -0.0000000000 -0.0000000000 
13579.57958 0.0022166813 -0.0000000000 -0.0000000000 
13591.59159 0.0022283056 -0.0000000000 -0.0000000000 
13603.60360 0.0022399784 -0.0000000000 -0.0000000000 
13615.61562 0.0022516999 -0.0000000000 -0.0000000000 
13627.62763 0.0022634702 -0.0000000000 -0.0000000000 
13639.63964 0.0022752895 -0.0000000000 -0.0000000000 
13651.65165 0.0022871581 -0.0000000000 -0.0000000000 
13663.66366 0.0022990759 -0.0000000000 -0.0000000000 
13675.67568 0.0023110432 -0.0000000000 -0.0000000000 
13687.68769 0.0023230601 -0.0000000000 -0.0000000000 
13699.69970 0.0023351269 -0.0000000000 -0.0000000000 
13711.71171 0.0023472436 -0.0000000000 -0.0000000000 
13723.72372 0.0023594104 -0.0000000000 -0.0000000000 
13735.73574 0.0023716275 -0.0000000000 -0.0000000000 
13747.74775 0.0023838950 -0.0000000000 -0.0000000000 
13759.75976 0.0023962132 -0.0000000000 -0.0000000000 
13771.77177 0.0024085821 -0.0000000000 -0.0000000000 
13783.78378 0.0024210019 -0.0000000000 -0.0000000000 
13795.79580 0.0024334727 -0.0000000000 -0.0000000000 
13807.80781 0.0024459949 -0.0000000000 -0.0000000000 
13819.81982 0.0024585684 -0.0000000000 -0.0000000000 
13831.83183 0.0024711935 -0.0000000000 -0.0000000000 
13843.84384 0.0024838703 -0.0000000000 -0.0000000000 
13855.85586 0.0024965990 -0.0000000000 -0.0000000000 
13867.86787 0.0025093798 -0.0000000000 -0.0000000000 
13879.87988 0.0025222128 -0.0000000000 -0.0000000000 
13891.89189 0.0025350982 -0.0000000000 -0.0000000000 
13903.90390 0.0025480361 -0.0000000000 -0.0000000000 
13915.91592 0.0025610267 -0.0000000000 -0.0000000000 
13927.92793 0.0025740703 -0.0000000000 -0.0000000000 
13939.93994 0.0025871668 -0.0000000000 -0.0000000000 
13951.95195 0.0026003166 -0.0000000000 -0.0000000000 
13963.96396 0.0026135198 -0.0000000000 -0.0000000000 
13975.97598 0.0026267765 -0.0000000000 -0.0000000000 
13987.98799 0.0026400869 -0.0000000000 -0.0000000000 
14000.00000 0.0026534513 -0.0000000000 -0.0000000000 
