r         ur            utheta            w
2000.00000 -0.0000063502 0.0000000000 -0.0000000000 
2012.01201 -0.0000064191 0.0000000000 -0.0000000000 
2024.02402 -0.0000064899 0.0000000000 -0.0000000000 
2036.03604 -0.0000065624 0.0000000000 -0.0000000000 
2048.04805 -0.0000066366 0.0000000000 -0.0000000000 
2060.06006 -0.0000067125 0.0000000000 -0.0000000000 
2072.07207 -0.0000067901 0.0000000000 -0.0000000000 
2084.08408 -0.0000068694 0.0000000000 -0.0000000000 
2096.09610 -0.0000069503 0.0000000000 -0.0000000000 
2108.10811 -0.0000070328 0.0000000000 -0.0000000000 
2120.12012 -0.0000071170 0.0000000000 -0.0000000000 
2132.13213 -0.0000072027 0.0000000000 -0.0000000000 
2144.14414 -0.0000072901 0.0000000000 -0.0000000000 
2156.15616 -0.0000073789 0.0000000000 -0.0000000000 
2168.16817 -0.0000074694 0.0000000000 -0.0000000000 
2180.18018 -0.0000075613 0.0000000000 -0.0000000000 
2192.19219 -0.0000076548 0.0000000000 -0.0000000000 
2204.20420 -0.0000077497 0.0000000000 -0.0000000000 
2216.21622 -0.0000078462 0.0000000000 -0.0000000000 
2228.22823 -0.0000079441 0.0000000000 -0.0000000000 
2240.24024 -0.0000080435 0.0000000000 -0.0000000000 
2252.25225 -0.0000081443 0.0000000000 -0.0000000000 
2264.26426 -0.0000082466 0.0000000000 -0.0000000000 
2276.27628 -0.0000083502 0.0000000000 -0.0000000000 
2288.28829 -0.0000084553 0.0000000000 -0.0000000000 
2300.30030 -0.0000085618 0.0000000000 -0.0000000000 
2312.31231 -0.0000086697 0.0000000000 -0.0000000000 
2324.32432 -0.0000087789 0.0000000000 -0.0000000000 
2336.33634 -0.0000088895 0.0000000000 -0.0000000000 
2348.34835 -0.0000090015 0.0000000000 -0.0000000000 
2360.36036 -0.0000091148 0.0000000000 -0.0000000000 
2372.37237 -0.0000092294 0.0000000000 -0.0000000000 
2384.38438 -0.0000093454 0.0000000000 -0.0000000000 
2396.39640 -0.0000094626 0.0000000000 -0.0000000000 
2408.40841 -0.0000095812 0.0000000000 -0.0000000000 
2420.42042 -0.0000097011 0.0000000000 -0.0000000000 
2432.43243 -0.0000098223 0.0000000000 -0.0000000000 
2444.44444 -0.0000099447 0.0000000000 -0.0000000000 
2456.45646 -0.0000100685 0.0000000000 -0.0000000000 
2468.46847 -0.0000101935 0.0000000000 -0.0000000000 
2480.48048 -0.0000103197 0.0000000000 -0.0000000000 
2492.49249 -0.0000104473 0.0000000000 -0.0000000000 
2504.50450 -0.0000105760 0.0000000000 -0.0000000000 
2516.51652 -0.0000107060 0.0000000000 -0.0000000000 
2528.52853 -0.0000108372 0.0000000000 -0.0000000000 
2540.54054 -0.0000109697 0.0000000000 -0.0000000000 
2552.55255 -0.0000111033 0.0000000000 -0.0000000000 
2564.56456 -0.0000112382 0.0000000000 -0.0000000000 
2576.57658 -0.0000113743 0.0000000000 -0.0000000000 
2588.58859 -0.0000115116 0.0000000000 -0.0000000000 
2600.60060 -0.0000116500 0.0000000000 -0.0000000000 
2612.61261 -0.0000117897 0.0000000000 -0.0000000000 
2624.62462 -0.0000119305 0.0000000000 -0.0000000000 
2636.63664 -0.0000120725 0.0000000000 -0.0000000000 
2648.64865 -0.0000122157 0.0000000000 -0.0000000000 
2660.66066 -0.0000123601 0.0000000000 -0.0000000000 
2672.67267 -0.0000125056 0.0000000000 -0.0000000000 
2684.68468 -0.0000126523 0.0000000000 -0.0000000000 
2696.69670 -0.0000128001 0.0000000000 -0.0000000000 
2708.70871 -0.0000129491 0.0000000000 -0.0000000000 
2720.72072 -0.0000130992 0.0000000000 -0.0000000000 
2732.73273 -0.0000132504 0.0000000000 -0.0000000000 
2744.74474 -0.0000134028 0.0000000000 -0.0000000000 
2756.75676 -0.0000135563 0.0000000000 -0.0000000000 
2768.76877 -0.0000137109 0.0000000000 -0.0000000000 
2780.78078 -0.0000138667 0.0000000000 -0.0000000000 
2792.79279 -0.0000140236 0.0000000000 -0.0000000000 
2804.80480 -0.0000141815 0.0000000000 -0.0000000000 
2816.81682 -0.0000143406 0.0000000000 -0.0000000000 
2828.82883 -0.0000145008 0.0000000000 -0.0000000000 
2840.84084 -0.0000146621 0.0000000000 -0.0000000000 
2852.85285 -0.0000148245 0.0000000000 -0.0000000000 
2864.86486 -0.0000149880 0.0000000000 -0.0000000000 
2876.87688 -0.0000151526 0.0000000000 -0.0000000000 
2888.88889 -0.0000153182 0.0000000000 -0.0000000000 
2900.90090 -0.0000154850 0.0000000000 -0.0000000000 
2912.91291 -0.0000156528 0.0000000000 -0.0000000000 
2924.92492 -0.0000158217 0.0000000000 -0.0000000000 
2936.93694 -0.0000159917 0.0000000000 -0.0000000000 
2948.94895 -0.0000161628 0.0000000000 -0.0000000000 
2960.96096 -0.0000163349 0.0000000000 -0.0000000000 
2972.97297 -0.0000165081 0.0000000000 -0.0000000000 
2984.98498 -0.0000166823 0.0000000000 -0.0000000000 
2996.99700 -0.0000168576 0.0000000000 -0.0000000000 
3009.00901 -0.0000170340 0.0000000000 -0.0000000000 
3021.02102 -0.0000172114 0.0000000000 -0.0000000000 
3033.03303 -0.0000173899 0.0000000000 -0.0000000000 
3045.04505 -0.0000175694 0.0000000000 -0.0000000000 
3057.05706 -0.0000177500 0.0000000000 -0.0000000000 
3069.06907 -0.0000179316 0.0000000000 -0.0000000000 
3081.08108 -0.0000181143 0.0000000000 -0.0000000000 
3093.09309 -0.0000182980 0.0000000000 -0.0000000000 
3105.10511 -0.0000184827 0.0000000000 -0.0000000000 
3117.11712 -0.0000186685 0.0000000000 -0.0000000000 
3129.12913 -0.0000188553 0.0000000000 -0.0000000000 
3141.14114 -0.0000190431 0.0000000000 -0.0000000000 
3153.15315 -0.0000192320 0.0000000000 -0.0000000000 
3165.16517 -0.0000194219 0.0000000000 -0.0000000000 
3177.17718 -0.0000196128 0.0000000000 -0.0000000000 
3189.18919 -0.0000198047 0.0000000000 -0.0000000000 
3201.20120 -0.0000199977 0.0000000000 -0.0000000000 
3213.21321 -0.0000201917 0.0000000000 -0.0000000000 
3225.22523 -0.0000203867 0.0000000000 -0.0000000000 
3237.23724 -0.0000205827 0.0000000000 -0.0000000000 
3249.24925 -0.0000207797 0.0000000000 -0.0000000000 
3261.26126 -0.0000209777 0.0000000000 -0.0000000000 
3273.27327 -0.0000211768 0.0000000000 -0.0000000000 
3285.28529 -0.0000213768 0.0000000000 -0.0000000000 
3297.29730 -0.0000215779 0.0000000000 -0.0000000000 
3309.30931 -0.0000217799 0.0000000000 -0.0000000000 
3321.32132 -0.0000219830 0.0000000000 -0.0000000000 
3333.33333 -0.0000221871 0.0000000000 -0.0000000000 
3345.34535 -0.0000223921 0.0000000000 -0.0000000000 
3357.35736 -0.0000225982 0.0000000000 -0.0000000000 
3369.36937 -0.0000228053 0.0000000000 -0.0000000000 
3381.38138 -0.0000230133 0.0000000000 -0.0000000000 
3393.39339 -0.0000232224 0.0000000000 -0.0000000000 
3405.40541 -0.0000234324 0.0000000000 -0.0000000000 
3417.41742 -0.0000236434 0.0000000000 -0.0000000000 
3429.42943 -0.0000238554 0.0000000000 -0.0000000000 
3441.44144 -0.0000240684 0.0000000000 -0.0000000000 
3453.45345 -0.0000242824 0.0000000000 -0.0000000000 
3465.46547 -0.0000244974 0.0000000000 -0.0000000000 
3477.47748 -0.0000247134 0.0000000000 -0.0000000000 
3489.48949 -0.0000249303 0.0000000000 -0.0000000000 
3501.50150 -0.0000251482 0.0000000000 -0.0000000000 
3513.51351 -0.0000253671 0.0000000000 -0.0000000000 
3525.52553 -0.0000255870 0.0000000000 -0.0000000000 
3537.53754 -0.0000258078 0.0000000000 -0.0000000000 
3549.54955 -0.0000260297 0.0000000000 -0.0000000000 
3561.56156 -0.0000262525 0.0000000000 -0.0000000000 
3573.57357 -0.0000264762 0.0000000000 -0.0000000000 
3585.58559 -0.0000267010 0.0000000000 -0.0000000000 
3597.59760 -0.0000269267 0.0000000000 -0.0000000000 
3609.60961 -0.0000271534 0.0000000000 -0.0000000000 
3621.62162 -0.0000273811 0.0000000000 -0.0000000000 
3633.63363 -0.0000276097 0.0000000000 -0.0000000000 
3645.64565 -0.0000278393 0.0000000000 -0.0000000000 
3657.65766 -0.0000280698 0.0000000000 -0.0000000000 
3669.66967 -0.0000283013 0.0000000000 -0.0000000000 
3681.68168 -0.0000285338 0.0000000000 -0.0000000000 
3693.69369 -0.0000287673 0.0000000000 -0.0000000000 
3705.70571 -0.0000290017 0.0000000000 -0.0000000000 
3717.71772 -0.0000292370 0.0000000000 -0.0000000000 
3729.72973 -0.0000294734 0.0000000000 -0.0000000000 
3741.74174 -0.0000297107 0.0000000000 -0.0000000000 
3753.75375 -0.0000299489 0.0000000000 -0.0000000000 
3765.76577 -0.0000301881 0.0000000000 -0.0000000000 
3777.77778 -0.0000304282 0.0000000000 -0.0000000000 
3789.78979 -0.0000306693 0.0000000000 -0.0000000000 
3801.80180 -0.0000309114 0.0000000000 -0.0000000000 
3813.81381 -0.0000311544 0.0000000000 -0.0000000000 
3825.82583 -0.0000313984 0.0000000000 -0.0000000000 
3837.83784 -0.0000316433 0.0000000000 -0.0000000000 
3849.84985 -0.0000318892 0.0000000000 -0.0000000000 
3861.86186 -0.0000321360 0.0000000000 -0.0000000000 
3873.87387 -0.0000323837 0.0000000000 -0.0000000000 
3885.88589 -0.0000326324 0.0000000000 -0.0000000000 
3897.89790 -0.0000328821 0.0000000000 -0.0000000000 
3909.90991 -0.0000331327 0.0000000000 -0.0000000000 
3921.92192 -0.0000333842 0.0000000000 -0.0000000000 
3933.93393 -0.0000336367 0.0000000000 -0.0000000000 
3945.94595 -0.0000338901 0.0000000000 -0.0000000000 
3957.95796 -0.0000341445 0.0000000000 -0.0000000000 
3969.96997 -0.0000343998 0.0000000000 -0.0000000000 
3981.98198 -0.0000346561 0.0000000000 -0.0000000000 
3993.99399 -0.0000349133 0.0000000000 -0.0000000000 
4006.00601 -0.0000351714 0.0000000000 -0.0000000000 
4018.01802 -0.0000354305 0.0000000000 -0.0000000000 
4030.03003 -0.0000356905 0.0000000000 -0.0000000000 
4042.04204 -0.0000359514 0.0000000000 -0.0000000000 
4054.05405 -0.0000362133 0.0000000000 -0.0000000000 
4066.06607 -0.0000364761 0.0000000000 -0.0000000000 
4078.07808 -0.0000367399 0.0000000000 -0.0000000000 
4090.09009 -0.0000370046 0.0000000000 -0.0000000000 
4102.10210 -0.0000372702 0.0000000000 -0.0000000000 
4114.11411 -0.0000375367 0.0000000000 -0.0000000000 
4126.12613 -0.0000378042 0.0000000000 -0.0000000000 
4138.13814 -0.0000380726 0.0000000000 -0.0000000000 
4150.15015 -0.0000383420 0.0000000000 -0.0000000000 
4162.16216 -0.0000386123 0.0000000000 -0.0000000000 
4174.17417 -0.0000388835 0.0000000000 -0.0000000000 
4186.18619 -0.0000391556 0.0000000000 -0.0000000000 
4198.19820 -0.0000394287 0.0000000000 -0.0000000000 
4210.21021 -0.0000397026 0.0000000000 -0.0000000000 
4222.22222 -0.0000399776 0.0000000000 -0.0000000000 
4234.23423 -0.0000402534 0.0000000000 -0.0000000000 
4246.24625 -0.0000405302 0.0000000000 -0.0000000000 
4258.25826 -0.0000408079 0.0000000000 -0.0000000000 
4270.27027 -0.0000410865 0.0000000000 -0.0000000000 
4282.28228 -0.0000413660 0.0000000000 -0.0000000000 
4294.29429 -0.0000416465 0.0000000000 -0.0000000000 
4306.30631 -0.0000419279 0.0000000000 -0.0000000000 
4318.31832 -0.0000422102 0.0000000000 -0.0000000000 
4330.33033 -0.0000424934 0.0000000000 -0.0000000000 
4342.34234 -0.0000427775 0.0000000000 -0.0000000000 
4354.35435 -0.0000430626 0.0000000000 -0.0000000000 
4366.36637 -0.0000433486 0.0000000000 -0.0000000000 
4378.37838 -0.0000436355 0.0000000000 -0.0000000000 
4390.39039 -0.0000439233 0.0000000000 -0.0000000000 
4402.40240 -0.0000442120 0.0000000000 -0.0000000000 
4414.41441 -0.0000445017 0.0000000000 -0.0000000000 
4426.42643 -0.0000447923 0.0000000000 -0.0000000000 
4438.43844 -0.0000450838 0.0000000000 -0.0000000000 
4450.45045 -0.0000453762 0.0000000000 -0.0000000000 
4462.46246 -0.0000456695 0.0000000000 -0.0000000000 
4474.47447 -0.0000459637 0.0000000000 -0.0000000000 
4486.48649 -0.0000462589 0.0000000000 -0.0000000000 
4498.49850 -0.0000465549 0.0000000000 -0.0000000000 
4510.51051 -0.0000468519 0.0000000000 -0.0000000000 
4522.52252 -0.0000471498 0.0000000000 -0.0000000000 
4534.53453 -0.0000474486 0.0000000000 -0.0000000000 
4546.54655 -0.0000477483 0.0000000000 -0.0000000000 
4558.55856 -0.0000480489 0.0000000000 -0.0000000000 
4570.57057 -0.0000483504 0.0000000000 -0.0000000000 
4582.58258 -0.0000486529 0.0000000000 -0.0000000000 
4594.59459 -0.0000489562 0.0000000000 -0.0000000000 
4606.60661 -0.0000492604 0.0000000000 -0.0000000000 
4618.61862 -0.0000495656 0.0000000000 -0.0000000000 
4630.63063 -0.0000498717 0.0000000000 -0.0000000000 
4642.64264 -0.0000501787 0.0000000000 -0.0000000000 
4654.65465 -0.0000504865 0.0000000000 -0.0000000000 
4666.66667 -0.0000507953 0.0000000000 -0.0000000000 
4678.67868 -0.0000511050 0.0000000000 -0.0000000000 
4690.69069 -0.0000514156 0.0000000000 -0.0000000000 
4702.70270 -0.0000517271 0.0000000000 -0.0000000000 
4714.71471 -0.0000520395 0.0000000000 -0.0000000000 
4726.72673 -0.0000523528 0.0000000000 -0.0000000000 
4738.73874 -0.0000526671 0.0000000000 -0.0000000000 
4750.75075 -0.0000529822 0.0000000000 -0.0000000000 
4762.76276 -0.0000532982 0.0000000000 -0.0000000000 
4774.77477 -0.0000536151 0.0000000000 -0.0000000000 
4786.78679 -0.0000539329 0.0000000000 -0.0000000000 
4798.79880 -0.0000542516 0.0000000000 -0.0000000000 
4810.81081 -0.0000545713 0.0000000000 -0.0000000000 
4822.82282 -0.0000548918 0.0000000000 -0.0000000000 
4834.83483 -0.0000552132 0.0000000000 -0.0000000000 
4846.84685 -0.0000555355 0.0000000000 -0.0000000000 
4858.85886 -0.0000558588 0.0000000000 -0.0000000000 
4870.87087 -0.0000561829 0.0000000000 -0.0000000000 
4882.88288 -0.0000565079 0.0000000000 -0.0000000000 
4894.89489 -0.0000568338 0.0000000000 -0.0000000000 
4906.90691 -0.0000571606 0.0000000000 -0.0000000000 
4918.91892 -0.0000574883 0.0000000000 -0.0000000000 
4930.93093 -0.0000578169 0.0000000000 -0.0000000000 
4942.94294 -0.0000581464 0.0000000000 -0.0000000000 
4954.95495 -0.0000584768 0.0000000000 -0.0000000000 
4966.96697 -0.0000588081 0.0000000000 -0.0000000000 
4978.97898 -0.0000591403 0.0000000000 -0.0000000000 
4990.99099 -0.0000594733 0.0000000000 -0.0000000000 
5003.00300 -0.0000598073 0.0000000000 -0.0000000000 
5015.01502 -0.0000601421 0.0000000000 -0.0000000000 
5027.02703 -0.0000604779 0.0000000000 -0.0000000000 
5039.03904 -0.0000608145 0.0000000000 -0.0000000000 
5051.05105 -0.0000611521 0.0000000000 -0.0000000000 
5063.06306 -0.0000614905 0.0000000000 -0.0000000000 
5075.07508 -0.0000618298 0.0000000000 -0.0000000000 
5087.08709 -0.0000621700 0.0000000000 -0.0000000000 
5099.09910 -0.0000625111 0.0000000000 -0.0000000000 
5111.11111 -0.0000628531 0.0000000000 -0.0000000000 
5123.12312 -0.0000631960 0.0000000000 -0.0000000000 
5135.13514 -0.0000635397 0.0000000000 -0.0000000000 
5147.14715 -0.0000638844 0.0000000000 -0.0000000000 
5159.15916 -0.0000642299 0.0000000000 -0.0000000000 
5171.17117 -0.0000645763 0.0000000000 -0.0000000000 
5183.18318 -0.0000649237 0.0000000000 -0.0000000000 
5195.19520 -0.0000652719 0.0000000000 -0.0000000000 
5207.20721 -0.0000656209 0.0000000000 -0.0000000000 
5219.21922 -0.0000659709 0.0000000000 -0.0000000000 
5231.23123 -0.0000663218 0.0000000000 0.0000000000 
5243.24324 -0.0000666735 0.0000000000 0.0000000000 
5255.25526 -0.0000670261 0.0000000000 0.0000000000 
5267.26727 -0.0000673796 0.0000000000 0.0000000000 
5279.27928 -0.0000677340 0.0000000000 0.0000000000 
5291.29129 -0.0000680893 0.0000000000 0.0000000000 
5303.30330 -0.0000684455 0.0000000000 0.0000000000 
5315.31532 -0.0000688025 0.0000000000 0.0000000000 
5327.32733 -0.0000691604 0.0000000000 0.0000000000 
5339.33934 -0.0000695192 0.0000000000 0.0000000000 
5351.35135 -0.0000698789 0.0000000000 0.0000000000 
5363.36336 -0.0000702395 0.0000000000 0.0000000000 
5375.37538 -0.0000706009 0.0000000000 0.0000000000 
5387.38739 -0.0000709633 0.0000000000 0.0000000000 
5399.39940 -0.0000713265 0.0000000000 0.0000000000 
5411.41141 -0.0000716906 0.0000000000 0.0000000000 
5423.42342 -0.0000720555 0.0000000000 0.0000000000 
5435.43544 -0.0000724214 0.0000000000 0.0000000000 
5447.44745 -0.0000727881 0.0000000000 0.0000000000 
5459.45946 -0.0000731557 0.0000000000 0.0000000000 
5471.47147 -0.0000735242 0.0000000000 0.0000000000 
5483.48348 -0.0000738936 0.0000000000 0.0000000000 
5495.49550 -0.0000742638 0.0000000000 0.0000000000 
5507.50751 -0.0000746349 0.0000000000 0.0000000000 
5519.51952 -0.0000750069 0.0000000000 0.0000000000 
5531.53153 -0.0000753797 0.0000000000 0.0000000000 
5543.54354 -0.0000757535 0.0000000000 0.0000000000 
5555.55556 -0.0000761281 0.0000000000 0.0000000000 
5567.56757 -0.0000765036 0.0000000000 0.0000000000 
5579.57958 -0.0000768799 0.0000000000 0.0000000000 
5591.59159 -0.0000772572 0.0000000000 0.0000000000 
5603.60360 -0.0000776353 0.0000000000 0.0000000000 
5615.61562 -0.0000780143 0.0000000000 0.0000000000 
5627.62763 -0.0000783941 0.0000000000 0.0000000000 
5639.63964 -0.0000787749 0.0000000000 0.0000000000 
5651.65165 -0.0000791565 0.0000000000 0.0000000000 
5663.66366 -0.0000795389 0.0000000000 0.0000000000 
5675.67568 -0.0000799223 0.0000000000 0.0000000000 
5687.68769 -0.0000803065 0.0000000000 0.0000000000 
5699.69970 -0.0000806916 0.0000000000 0.0000000000 
5711.71171 -0.0000810775 0.0000000000 0.0000000000 
5723.72372 -0.0000814644 0.0000000000 0.0000000000 
5735.73574 -0.0000818521 0.0000000000 0.0000000000 
5747.74775 -0.0000822406 0.0000000000 0.0000000000 
5759.75976 -0.0000826301 0.0000000000 0.0000000000 
5771.77177 -0.0000830204 0.0000000000 0.0000000000 
5783.78378 -0.0000834115 0.0000000000 0.0000000000 
5795.79580 -0.0000838036 0.0000000000 0.0000000000 
5807.80781 -0.0000841965 0.0000000000 0.0000000000 
5819.81982 -0.0000845902 0.0000000000 0.0000000000 
5831.83183 -0.0000849849 0.0000000000 0.0000000000 
5843.84384 -0.0000853804 0.0000000000 0.0000000000 
5855.85586 -0.0000857768 0.0000000000 0.0000000000 
5867.86787 -0.0000861740 0.0000000000 0.0000000000 
5879.87988 -0.0000865721 0.0000000000 0.0000000000 
5891.89189 -0.0000869711 0.0000000000 0.0000000000 
5903.90390 -0.0000873709 0.0000000000 0.0000000000 
5915.91592 -0.0000877716 0.0000000000 0.0000000000 
5927.92793 -0.0000881732 0.0000000000 0.0000000000 
5939.93994 -0.0000885756 0.0000000000 0.0000000000 
5951.95195 -0.0000889789 0.0000000000 0.0000000000 
5963.96396 -0.0000893830 0.0000000000 0.0000000000 
5975.97598 -0.0000897880 0.0000000000 0.0000000000 
5987.98799 -0.0000901939 0.0000000000 0.0000000000 
6000.00000 -0.0000906006 0.0000000000 0.0000000000 
6012.01201 -0.0000910082 0.0000000000 0.0000000000 
6024.02402 -0.0000914167 0.0000000000 0.0000000000 
6036.03604 -0.0000918260 0.0000000000 0.0000000000 
6048.04805 -0.0000922362 0.0000000000 0.0000000000 
6060.06006 -0.0000926473 0.0000000000 0.0000000000 
6072.07207 -0.0000930592 0.0000000000 0.0000000000 
6084.08408 -0.0000934719 0.0000000000 0.0000000000 
6096.09610 -0.0000938855 0.0000000000 0.0000000000 
6108.10811 -0.0000943000 0.0000000000 0.0000000000 
6120.12012 -0.0000947154 0.0000000000 0.0000000000 
6132.13213 -0.0000951316 0.0000000000 0.0000000000 
6144.14414 -0.0000955486 0.0000000000 0.0000000000 
6156.15616 -0.0000959665 0.0000000000 0.0000000000 
6168.16817 -0.0000963853 0.0000000000 0.0000000000 
6180.18018 -0.0000968049 0.0000000000 0.0000000000 
6192.19219 -0.0000972254 0.0000000000 0.0000000000 
6204.20420 -0.0000976468 0.0000000000 0.0000000000 
6216.21622 -0.0000980689 0.0000000000 0.0000000000 
6228.22823 -0.0000984920 0.0000000000 0.0000000000 
6240.24024 -0.0000989159 0.0000000000 0.0000000000 
6252.25225 -0.0000993407 0.0000000000 0.0000000000 
6264.26426 -0.0000997663 0.0000000000 0.0000000000 
6276.27628 -0.0001001928 0.0000000000 0.0000000000 
6288.28829 -0.0001006201 0.0000000000 0.0000000000 
6300.30030 -0.0001010483 0.0000000000 0.0000000000 
6312.31231 -0.0001014773 0.0000000000 0.0000000000 
6324.32432 -0.0001019072 0.0000000000 0.0000000000 
6336.33634 -0.0001023379 0.0000000000 0.0000000000 
6348.34835 -0.0001027695 0.0000000000 0.0000000000 
6360.36036 -0.0001032020 0.0000000000 0.0000000000 
6372.37237 -0.0001036352 0.0000000000 0.0000000000 
6384.38438 -0.0001040694 0.0000000000 0.0000000000 
6396.39640 -0.0001045044 0.0000000000 0.0000000000 
6408.40841 -0.0001049402 0.0000000000 0.0000000000 
6420.42042 -0.0001053769 0.0000000000 0.0000000000 
6432.43243 -0.0001058145 0.0000000000 0.0000000000 
6444.44444 -0.0001062529 0.0000000000 0.0000000000 
6456.45646 -0.0001066921 0.0000000000 0.0000000000 
6468.46847 -0.0001071322 0.0000000000 0.0000000000 
6480.48048 -0.0001075732 0.0000000000 0.0000000000 
6492.49249 -0.0001080150 0.0000000000 0.0000000000 
6504.50450 -0.0001084576 0.0000000000 0.0000000000 
6516.51652 -0.0001089011 0.0000000000 0.0000000000 
6528.52853 -0.0001093454 0.0000000000 0.0000000000 
6540.54054 -0.0001097906 0.0000000000 0.0000000000 
6552.55255 -0.0001102367 0.0000000000 0.0000000000 
6564.56456 -0.0001106835 0.0000000000 0.0000000000 
6576.57658 -0.0001111313 0.0000000000 0.0000000000 
6588.58859 -0.0001115798 0.0000000000 0.0000000000 
6600.60060 -0.0001120292 0.0000000000 0.0000000000 
6612.61261 -0.0001124795 0.0000000000 0.0000000000 
6624.62462 -0.0001129306 0.0000000000 0.0000000000 
6636.63664 -0.0001133826 0.0000000000 0.0000000000 
6648.64865 -0.0001138354 0.0000000000 0.0000000000 
6660.66066 -0.0001142890 0.0000000000 0.0000000000 
6672.67267 -0.0001147435 0.0000000000 0.0000000000 
6684.68468 -0.0001151988 0.0000000000 0.0000000000 
6696.69670 -0.0001156550 0.0000000000 0.0000000000 
6708.70871 -0.0001161120 0.0000000000 0.0000000000 
6720.72072 -0.0001165699 0.0000000000 0.0000000000 
6732.73273 -0.0001170286 0.0000000000 0.0000000000 
6744.74474 -0.0001174881 0.0000000000 0.0000000000 
6756.75676 -0.0001179485 0.0000000000 0.0000000000 
6768.76877 -0.0001184097 0.0000000000 0.0000000000 
6780.78078 -0.0001188718 0.0000000000 0.0000000000 
6792.79279 -0.0001193347 0.0000000000 0.0000000000 
6804.80480 -0.0001197984 0.0000000000 0.0000000000 
6816.81682 -0.0001202630 0.0000000000 0.0000000000 
6828.82883 -0.0001207284 0.0000000000 0.0000000000 
6840.84084 -0.0001211947 0.0000000000 0.0000000000 
6852.85285 -0.0001216618 0.0000000000 0.0000000000 
6864.86486 -0.0001221297 0.0000000000 0.0000000000 
6876.87688 -0.0001225985 0.0000000000 0.0000000000 
6888.88889 -0.0001230681 0.0000000000 0.0000000000 
6900.90090 -0.0001235386 0.0000000000 0.0000000000 
6912.91291 -0.0001240099 0.0000000000 0.0000000000 
6924.92492 -0.0001244820 0.0000000000 0.0000000000 
6936.93694 -0.0001249550 0.0000000000 0.0000000000 
6948.94895 -0.0001254288 0.0000000000 0.0000000000 
6960.96096 -0.0001259034 0.0000000000 0.0000000000 
6972.97297 -0.0001263789 0.0000000000 0.0000000000 
6984.98498 -0.0001268552 0.0000000000 0.0000000000 
6996.99700 -0.0001273324 0.0000000000 0.0000000000 
7009.00901 -0.0001278104 0.0000000000 0.0000000000 
7021.02102 -0.0001282892 0.0000000000 0.0000000000 
7033.03303 -0.0001287688 0.0000000000 0.0000000000 
7045.04505 -0.0001292493 0.0000000000 0.0000000000 
7057.05706 -0.0001297307 0.0000000000 0.0000000000 
7069.06907 -0.0001302128 0.0000000000 0.0000000000 
7081.08108 -0.0001306958 0.0000000000 0.0000000000 
7093.09309 -0.0001311796 0.0000000000 0.0000000000 
7105.10511 -0.0001316643 0.0000000000 0.0000000000 
7117.11712 -0.0001321498 0.0000000000 0.0000000000 
7129.12913 -0.0001326361 0.0000000000 0.0000000000 
7141.14114 -0.0001331233 0.0000000000 0.0000000000 
7153.15315 -0.0001336112 0.0000000000 0.0000000000 
7165.16517 -0.0001341001 0.0000000000 0.0000000000 
7177.17718 -0.0001345897 0.0000000000 0.0000000000 
7189.18919 -0.0001350802 0.0000000000 0.0000000000 
7201.20120 -0.0001355715 0.0000000000 0.0000000000 
7213.21321 -0.0001360636 0.0000000000 0.0000000000 
7225.22523 -0.0001365566 0.0000000000 0.0000000000 
7237.23724 -0.0001370504 0.0000000000 0.0000000000 
7249.24925 -0.0001375450 0.0000000000 0.0000000000 
7261.26126 -0.0001380405 0.0000000000 0.0000000000 
7273.27327 -0.0001385367 0.0000000000 0.0000000000 
7285.28529 -0.0001390339 0.0000000000 0.0000000000 
7297.29730 -0.0001395318 0.0000000000 0.0000000000 
7309.30931 -0.0001400306 0.0000000000 0.0000000000 
7321.32132 -0.0001405302 0.0000000000 0.0000000000 
7333.33333 -0.0001410306 0.0000000000 0.0000000000 
7345.34535 -0.0001415318 0.0000000000 0.0000000000 
7357.35736 -0.0001420339 -0.0000000000 0.0000000000 
7369.36937 -0.0001425368 -0.0000000000 0.0000000000 
7381.38138 -0.0001430405 -0.0000000000 0.0000000000 
7393.39339 -0.0001435451 -0.0000000000 0.0000000000 
7405.40541 -0.0001440505 -0.0000000000 0.0000000000 
7417.41742 -0.0001445567 -0.0000000000 0.0000000000 
7429.42943 -0.0001450637 -0.0000000000 0.0000000000 
7441.44144 -0.0001455716 -0.0000000000 0.0000000000 
7453.45345 -0.0001460802 -0.0000000000 0.0000000000 
7465.46547 -0.0001465897 -0.0000000000 0.0000000000 
7477.47748 -0.0001471001 -0.0000000000 0.0000000000 
7489.48949 -0.0001476112 -0.0000000000 0.0000000000 
7501.50150 -0.0001481232 -0.0000000000 0.0000000000 
7513.51351 -0.0001486360 -0.0000000000 0.0000000000 
7525.52553 -0.0001491496 -0.0000000000 0.0000000000 
7537.53754 -0.0001496640 -0.0000000000 0.0000000000 
7549.54955 -0.0001501793 -0.0000000000 0.0000000000 
7561.56156 -0.0001506954 -0.0000000000 0.0000000000 
7573.57357 -0.0001512123 -0.0000000000 0.0000000000 
7585.58559 -0.0001517300 -0.0000000000 0.0000000000 
7597.59760 -0.0001522486 -0.0000000000 0.0000000000 
7609.60961 -0.0001527679 -0.0000000000 0.0000000000 
7621.62162 -0.0001532881 -0.0000000000 0.0000000000 
7633.63363 -0.0001538091 -0.0000000000 0.0000000000 
7645.64565 -0.0001543309 -0.0000000000 0.0000000000 
7657.65766 -0.0001548536 -0.0000000000 0.0000000000 
7669.66967 -0.0001553770 -0.0000000000 0.0000000000 
7681.68168 -0.0001559013 -0.0000000000 0.0000000000 
7693.69369 -0.0001564264 -0.0000000000 0.0000000000 
7705.70571 -0.0001569523 -0.0000000000 0.0000000000 
7717.71772 -0.0001574791 -0.0000000000 0.0000000000 
7729.72973 -0.0001580066 -0.0000000000 0.0000000000 
7741.74174 -0.0001585350 -0.0000000000 0.0000000000 
7753.75375 -0.0001590642 -0.0000000000 0.0000000000 
7765.76577 -0.0001595942 -0.0000000000 0.0000000000 
7777.77778 -0.0001601250 -0.0000000000 0.0000000000 
7789.78979 -0.0001606567 -0.0000000000 0.0000000000 
7801.80180 -0.0001611891 -0.0000000000 0.0000000000 
7813.81381 -0.0001617224 -0.0000000000 0.0000000000 
7825.82583 -0.0001622565 -0.0000000000 0.0000000000 
7837.83784 -0.0001627914 -0.0000000000 0.0000000000 
7849.84985 -0.0001633271 -0.0000000000 0.0000000000 
7861.86186 -0.0001638636 -0.0000000000 0.0000000000 
7873.87387 -0.0001644010 -0.0000000000 0.0000000000 
7885.88589 -0.0001649391 -0.0000000000 0.0000000000 
7897.89790 -0.0001654781 -0.0000000000 0.0000000000 
7909.90991 -0.0001660179 -0.0000000000 0.0000000000 
7921.92192 -0.0001665585 -0.0000000000 0.0000000000 
7933.93393 -0.0001670999 -0.0000000000 0.0000000000 
7945.94595 -0.0001676421 -0.0000000000 0.0000000000 
7957.95796 -0.0001681851 -0.0000000000 0.0000000000 
7969.96997 -0.0001687290 -0.0000000000 0.0000000000 
7981.98198 -0.0001692736 -0.0000000000 0.0000000000 
7993.99399 -0.0001698191 -0.0000000000 0.0000000000 
8006.00601 -0.0001703654 -0.0000000000 0.0000000000 
8018.01802 -0.0001709125 -0.0000000000 0.0000000000 
8030.03003 -0.0001714604 -0.0000000000 0.0000000000 
8042.04204 -0.0001720091 -0.0000000000 0.0000000000 
8054.05405 -0.0001725586 -0.0000000000 0.0000000000 
8066.06607 -0.0001731089 -0.0000000000 0.0000000000 
8078.07808 -0.0001736601 -0.0000000000 0.0000000000 
8090.09009 -0.0001742120 -0.0000000000 0.0000000000 
8102.10210 -0.0001747648 -0.0000000000 0.0000000000 
8114.11411 -0.0001753183 -0.0000000000 0.0000000000 
8126.12613 -0.0001758727 -0.0000000000 0.0000000000 
8138.13814 -0.0001764279 -0.0000000000 0.0000000000 
8150.15015 -0.0001769839 -0.0000000000 0.0000000000 
8162.16216 -0.0001775407 -0.0000000000 0.0000000000 
8174.17417 -0.0001780983 -0.0000000000 0.0000000000 
8186.18619 -0.0001786567 -0.0000000000 0.0000000000 
8198.19820 -0.0001792159 -0.0000000000 0.0000000000 
8210.21021 -0.0001797759 -0.0000000000 0.0000000000 
8222.22222 -0.0001803368 -0.0000000000 0.0000000000 
8234.23423 -0.0001808984 -0.0000000000 0.0000000000 
8246.24625 -0.0001814609 -0.0000000000 0.0000000000 
8258.25826 -0.0001820241 -0.0000000000 0.0000000000 
8270.27027 -0.0001825882 -0.0000000000 0.0000000000 
8282.28228 -0.0001831530 -0.0000000000 0.0000000000 
8294.29429 -0.0001837187 -0.0000000000 0.0000000000 
8306.30631 -0.0001842851 -0.0000000000 0.0000000000 
8318.31832 -0.0001848524 -0.0000000000 0.0000000000 
8330.33033 -0.0001854205 -0.0000000000 0.0000000000 
8342.34234 -0.0001859893 -0.0000000000 0.0000000000 
8354.35435 -0.0001865590 -0.0000000000 0.0000000000 
8366.36637 -0.0001871295 -0.0000000000 0.0000000000 
8378.37838 -0.0001877008 -0.0000000000 0.0000000000 
8390.39039 -0.0001882729 -0.0000000000 0.0000000000 
8402.40240 -0.0001888458 -0.0000000000 0.0000000000 
8414.41441 -0.0001894195 -0.0000000000 0.0000000000 
8426.42643 -0.0001899939 -0.0000000000 0.0000000000 
8438.43844 -0.0001905692 -0.0000000000 0.0000000000 
8450.45045 -0.0001911453 -0.0000000000 0.0000000000 
8462.46246 -0.0001917222 -0.0000000000 0.0000000000 
8474.47447 -0.0001922999 -0.0000000000 0.0000000000 
8486.48649 -0.0001928784 -0.0000000000 0.0000000000 
8498.49850 -0.0001934577 -0.0000000000 0.0000000000 
8510.51051 -0.0001940378 -0.0000000000 0.0000000000 
8522.52252 -0.0001946187 -0.0000000000 0.0000000000 
8534.53453 -0.0001952004 -0.0000000000 0.0000000000 
8546.54655 -0.0001957829 -0.0000000000 0.0000000000 
8558.55856 -0.0001963661 -0.0000000000 0.0000000000 
8570.57057 -0.0001969502 -0.0000000000 0.0000000000 
8582.58258 -0.0001975351 -0.0000000000 0.0000000000 
8594.59459 -0.0001981208 -0.0000000000 0.0000000000 
8606.60661 -0.0001987073 -0.0000000000 0.0000000000 
8618.61862 -0.0001992945 -0.0000000000 0.0000000000 
8630.63063 -0.0001998826 -0.0000000000 0.0000000000 
8642.64264 -0.0002004715 -0.0000000000 0.0000000000 
8654.65465 -0.0002010612 -0.0000000000 0.0000000000 
8666.66667 -0.0002016516 -0.0000000000 0.0000000000 
8678.67868 -0.0002022429 -0.0000000000 0.0000000000 
8690.69069 -0.0002028349 -0.0000000000 0.0000000000 
8702.70270 -0.0002034278 -0.0000000000 0.0000000000 
8714.71471 -0.0002040214 -0.0000000000 0.0000000000 
8726.72673 -0.0002046158 -0.0000000000 0.0000000000 
8738.73874 -0.0002052111 -0.0000000000 0.0000000000 
8750.75075 -0.0002058071 -0.0000000000 0.0000000000 
8762.76276 -0.0002064039 -0.0000000000 0.0000000000 
8774.77477 -0.0002070015 -0.0000000000 0.0000000000 
8786.78679 -0.0002075999 -0.0000000000 0.0000000000 
8798.79880 -0.0002081991 -0.0000000000 0.0000000000 
8810.81081 -0.0002087991 -0.0000000000 0.0000000000 
8822.82282 -0.0002093999 -0.0000000000 0.0000000000 
8834.83483 -0.0002100015 -0.0000000000 0.0000000000 
8846.84685 -0.0002106038 -0.0000000000 0.0000000000 
8858.85886 -0.0002112070 -0.0000000000 0.0000000000 
8870.87087 -0.0002118109 -0.0000000000 0.0000000000 
8882.88288 -0.0002124157 -0.0000000000 0.0000000000 
8894.89489 -0.0002130212 -0.0000000000 0.0000000000 
8906.90691 -0.0002136275 -0.0000000000 0.0000000000 
8918.91892 -0.0002142346 -0.0000000000 0.0000000000 
8930.93093 -0.0002148425 -0.0000000000 0.0000000000 
8942.94294 -0.0002154512 -0.0000000000 0.0000000000 
8954.95495 -0.0002160607 -0.0000000000 0.0000000000 
8966.96697 -0.0002166710 -0.0000000000 0.0000000000 
8978.97898 -0.0002172820 -0.0000000000 0.0000000000 
8990.99099 -0.0002178939 -0.0000000000 0.0000000000 
9003.00300 -0.0002185065 -0.0000000000 0.0000000000 
9015.01502 -0.0002191200 -0.0000000000 0.0000000000 
9027.02703 -0.0002197342 -0.0000000000 0.0000000000 
9039.03904 -0.0002203492 -0.0000000000 0.0000000000 
9051.05105 -0.0002209650 -0.0000000000 0.0000000000 
9063.06306 -0.0002215815 -0.0000000000 0.0000000000 
9075.07508 -0.0002221989 -0.0000000000 0.0000000000 
9087.08709 -0.0002228170 -0.0000000000 0.0000000000 
9099.09910 -0.0002234360 -0.0000000000 0.0000000000 
9111.11111 -0.0002240557 -0.0000000000 0.0000000000 
9123.12312 -0.0002246762 -0.0000000000 0.0000000000 
9135.13514 -0.0002252975 -0.0000000000 0.0000000000 
9147.14715 -0.0002259196 -0.0000000000 0.0000000000 
9159.15916 -0.0002265424 -0.0000000000 0.0000000000 
9171.17117 -0.0002271661 -0.0000000000 0.0000000000 
9183.18318 -0.0002277905 -0.0000000000 0.0000000000 
9195.19520 -0.0002284157 -0.0000000000 0.0000000000 
9207.20721 -0.0002290417 -0.0000000000 0.0000000000 
9219.21922 -0.0002296685 -0.0000000000 0.0000000000 
9231.23123 -0.0002302961 -0.0000000000 0.0000000000 
9243.24324 -0.0002309244 -0.0000000000 0.0000000000 
9255.25526 -0.0002315536 -0.0000000000 0.0000000000 
9267.26727 -0.0002321835 -0.0000000000 0.0000000000 
9279.27928 -0.0002328142 -0.0000000000 0.0000000000 
9291.29129 -0.0002334457 -0.0000000000 0.0000000000 
9303.30330 -0.0002340779 -0.0000000000 0.0000000000 
9315.31532 -0.0002347110 -0.0000000000 0.0000000000 
9327.32733 -0.0002353448 -0.0000000000 0.0000000000 
9339.33934 -0.0002359794 -0.0000000000 0.0000000000 
9351.35135 -0.0002366148 -0.0000000000 0.0000000000 
9363.36336 -0.0002372509 -0.0000000000 0.0000000000 
9375.37538 -0.0002378879 -0.0000000000 0.0000000000 
9387.38739 -0.0002385256 -0.0000000000 0.0000000000 
9399.39940 -0.0002391641 -0.0000000000 0.0000000000 
9411.41141 -0.0002398034 -0.0000000000 0.0000000000 
9423.42342 -0.0002404435 -0.0000000000 0.0000000000 
9435.43544 -0.0002410843 -0.0000000000 0.0000000000 
9447.44745 -0.0002417259 -0.0000000000 0.0000000000 
9459.45946 -0.0002423683 -0.0000000000 0.0000000000 
9471.47147 -0.0002430115 -0.0000000000 0.0000000000 
9483.48348 -0.0002436555 -0.0000000000 0.0000000000 
9495.49550 -0.0002443002 -0.0000000000 0.0000000000 
9507.50751 -0.0002449457 -0.0000000000 0.0000000000 
9519.51952 -0.0002455920 -0.0000000000 0.0000000000 
9531.53153 -0.0002462391 -0.0000000000 0.0000000000 
9543.54354 -0.0002468869 -0.0000000000 0.0000000000 
9555.55556 -0.0002475356 -0.0000000000 0.0000000000 
9567.56757 -0.0002481850 -0.0000000000 0.0000000000 
9579.57958 -0.0002488351 -0.0000000000 0.0000000000 
9591.59159 -0.0002494861 -0.0000000000 0.0000000000 
9603.60360 -0.0002501378 -0.0000000000 0.0000000000 
9615.61562 -0.0002507903 -0.0000000000 0.0000000000 
9627.62763 -0.0002514436 -0.0000000000 0.0000000000 
9639.63964 -0.0002520976 -0.0000000000 0.0000000000 
9651.65165 -0.0002527525 -0.0000000000 0.0000000000 
9663.66366 -0.0002534081 -0.0000000000 0.0000000000 
9675.67568 -0.0002540644 -0.0000000000 0.0000000000 
9687.68769 -0.0002547216 -0.0000000000 0.0000000000 
9699.69970 -0.0002553795 -0.0000000000 0.0000000000 
9711.71171 -0.0002560382 -0.0000000000 0.0000000000 
9723.72372 -0.0002566976 -0.0000000000 0.0000000000 
9735.73574 -0.0002573579 -0.0000000000 0.0000000000 
9747.74775 -0.0002580189 -0.0000000000 0.0000000000 
9759.75976 -0.0002586807 -0.0000000000 0.0000000000 
9771.77177 -0.0002593432 -0.0000000000 0.0000000000 
9783.78378 -0.0002600066 -0.0000000000 0.0000000000 
9795.79580 -0.0002606707 -0.0000000000 0.0000000000 
9807.80781 -0.0002613355 -0.0000000000 0.0000000000 
9819.81982 -0.0002620012 -0.0000000000 0.0000000000 
9831.83183 -0.0002626676 -0.0000000000 0.0000000000 
9843.84384 -0.0002633348 -0.0000000000 0.0000000000 
9855.85586 -0.0002640027 -0.0000000000 0.0000000000 
9867.86787 -0.0002646714 -0.0000000000 0.0000000000 
9879.87988 -0.0002653409 -0.0000000000 0.0000000000 
9891.89189 -0.0002660112 -0.0000000000 0.0000000000 
9903.90390 -0.0002666822 -0.0000000000 0.0000000000 
9915.91592 -0.0002673540 -0.0000000000 0.0000000000 
9927.92793 -0.0002680266 -0.0000000000 0.0000000000 
9939.93994 -0.0002686999 -0.0000000000 0.0000000000 
9951.95195 -0.0002693740 -0.0000000000 0.0000000000 
9963.96396 -0.0002700489 -0.0000000000 0.0000000000 
9975.97598 -0.0002707245 -0.0000000000 0.0000000000 
9987.98799 -0.0002714009 -0.0000000000 0.0000000000 
10000.00000 -0.0002720781 -0.0000000000 0.0000000000 
10012.01201 -0.0002727560 -0.0000000000 0.0000000000 
10024.02402 -0.0002734347 -0.0000000000 0.0000000000 
10036.03604 -0.0002741142 -0.0000000000 0.0000000000 
10048.04805 -0.0002747944 -0.0000000000 0.0000000000 
10060.06006 -0.0002754754 -0.0000000000 0.0000000000 
10072.07207 -0.0002761572 -0.0000000000 0.0000000000 
10084.08408 -0.0002768397 -0.0000000000 0.0000000000 
10096.09610 -0.0002775230 -0.0000000000 0.0000000000 
10108.10811 -0.0002782071 -0.0000000000 0.0000000000 
10120.12012 -0.0002788919 -0.0000000000 0.0000000000 
10132.13213 -0.0002795775 -0.0000000000 0.0000000000 
10144.14414 -0.0002802639 -0.0000000000 0.0000000000 
10156.15616 -0.0002809510 -0.0000000000 0.0000000000 
10168.16817 -0.0002816389 -0.0000000000 0.0000000000 
10180.18018 -0.0002823275 -0.0000000000 0.0000000000 
10192.19219 -0.0002830169 -0.0000000000 0.0000000000 
10204.20420 -0.0002837071 -0.0000000000 0.0000000000 
10216.21622 -0.0002843981 -0.0000000000 0.0000000000 
10228.22823 -0.0002850898 -0.0000000000 0.0000000000 
10240.24024 -0.0002857822 -0.0000000000 0.0000000000 
10252.25225 -0.0002864754 -0.0000000000 0.0000000000 
10264.26426 -0.0002871694 -0.0000000000 0.0000000000 
10276.27628 -0.0002878642 -0.0000000000 0.0000000000 
10288.28829 -0.0002885597 -0.0000000000 0.0000000000 
10300.30030 -0.0002892559 -0.0000000000 0.0000000000 
10312.31231 -0.0002899530 -0.0000000000 0.0000000000 
10324.32432 -0.0002906508 -0.0000000000 0.0000000000 
10336.33634 -0.0002913493 -0.0000000000 0.0000000000 
10348.34835 -0.0002920486 -0.0000000000 0.0000000000 
10360.36036 -0.0002927487 -0.0000000000 0.0000000000 
10372.37237 -0.0002934495 -0.0000000000 0.0000000000 
10384.38438 -0.0002941511 -0.0000000000 0.0000000000 
10396.39640 -0.0002948534 -0.0000000000 0.0000000000 
10408.40841 -0.0002955566 -0.0000000000 0.0000000000 
10420.42042 -0.0002962604 -0.0000000000 0.0000000000 
10432.43243 -0.0002969650 -0.0000000000 0.0000000000 
10444.44444 -0.0002976704 -0.0000000000 0.0000000000 
10456.45646 -0.0002983766 -0.0000000000 0.0000000000 
10468.46847 -0.0002990834 -0.0000000000 0.0000000000 
10480.48048 -0.0002997911 -0.0000000000 0.0000000000 
10492.49249 -0.0003004995 -0.0000000000 0.0000000000 
10504.50450 -0.0003012087 -0.0000000000 0.0000000000 
10516.51652 -0.0003019186 -0.0000000000 0.0000000000 
10528.52853 -0.0003026293 -0.0000000000 0.0000000000 
10540.54054 -0.0003033407 -0.0000000000 0.0000000000 
10552.55255 -0.0003040529 -0.0000000000 0.0000000000 
10564.56456 -0.0003047658 -0.0000000000 0.0000000000 
10576.57658 -0.0003054795 -0.0000000000 0.0000000000 
10588.58859 -0.0003061940 -0.0000000000 0.0000000000 
10600.60060 -0.0003069092 -0.0000000000 0.0000000000 
10612.61261 -0.0003076252 -0.0000000000 0.0000000000 
10624.62462 -0.0003083419 -0.0000000000 0.0000000000 
10636.63664 -0.0003090594 -0.0000000000 0.0000000000 
10648.64865 -0.0003097776 -0.0000000000 0.0000000000 
10660.66066 -0.0003104966 -0.0000000000 0.0000000000 
10672.67267 -0.0003112163 -0.0000000000 0.0000000000 
10684.68468 -0.0003119368 -0.0000000000 0.0000000000 
10696.69670 -0.0003126580 -0.0000000000 0.0000000000 
10708.70871 -0.0003133800 -0.0000000000 0.0000000000 
10720.72072 -0.0003141028 -0.0000000000 0.0000000000 
10732.73273 -0.0003148263 -0.0000000000 0.0000000000 
10744.74474 -0.0003155505 -0.0000000000 0.0000000000 
10756.75676 -0.0003162755 -0.0000000000 0.0000000000 
10768.76877 -0.0003170013 -0.0000000000 0.0000000000 
10780.78078 -0.0003177278 -0.0000000000 0.0000000000 
10792.79279 -0.0003184550 -0.0000000000 0.0000000000 
10804.80480 -0.0003191830 -0.0000000000 0.0000000000 
10816.81682 -0.0003199118 -0.0000000000 0.0000000000 
10828.82883 -0.0003206413 -0.0000000000 0.0000000000 
10840.84084 -0.0003213715 -0.0000000000 0.0000000000 
10852.85285 -0.0003221025 -0.0000000000 0.0000000000 
10864.86486 -0.0003228343 -0.0000000000 0.0000000000 
10876.87688 -0.0003235668 -0.0000000000 0.0000000000 
10888.88889 -0.0003243001 -0.0000000000 0.0000000000 
10900.90090 -0.0003250341 -0.0000000000 0.0000000000 
10912.91291 -0.0003257688 -0.0000000000 0.0000000000 
10924.92492 -0.0003265043 -0.0000000000 0.0000000000 
10936.93694 -0.0003272406 -0.0000000000 0.0000000000 
10948.94895 -0.0003279775 -0.0000000000 0.0000000000 
10960.96096 -0.0003287153 -0.0000000000 0.0000000000 
10972.97297 -0.0003294538 -0.0000000000 0.0000000000 
10984.98498 -0.0003301930 -0.0000000000 0.0000000000 
10996.99700 -0.0003309330 -0.0000000000 0.0000000000 
11009.00901 -0.0003316737 -0.0000000000 0.0000000000 
11021.02102 -0.0003324152 -0.0000000000 0.0000000000 
11033.03303 -0.0003331574 -0.0000000000 0.0000000000 
11045.04505 -0.0003339004 -0.0000000000 0.0000000000 
11057.05706 -0.0003346441 -0.0000000000 0.0000000000 
11069.06907 -0.0003353886 -0.0000000000 0.0000000000 
11081.08108 -0.0003361338 -0.0000000000 0.0000000000 
11093.09309 -0.0003368797 -0.0000000000 0.0000000000 
11105.10511 -0.0003376264 -0.0000000000 0.0000000000 
11117.11712 -0.0003383738 -0.0000000000 0.0000000000 
11129.12913 -0.0003391220 -0.0000000000 0.0000000000 
11141.14114 -0.0003398710 -0.0000000000 0.0000000000 
11153.15315 -0.0003406206 -0.0000000000 0.0000000000 
11165.16517 -0.0003413710 -0.0000000000 0.0000000000 
11177.17718 -0.0003421222 -0.0000000000 0.0000000000 
11189.18919 -0.0003428741 -0.0000000000 0.0000000000 
11201.20120 -0.0003436267 -0.0000000000 0.0000000000 
11213.21321 -0.0003443801 -0.0000000000 0.0000000000 
11225.22523 -0.0003451343 -0.0000000000 0.0000000000 
11237.23724 -0.0003458891 -0.0000000000 0.0000000000 
11249.24925 -0.0003466447 -0.0000000000 0.0000000000 
11261.26126 -0.0003474011 -0.0000000000 0.0000000000 
11273.27327 -0.0003481582 -0.0000000000 0.0000000000 
11285.28529 -0.0003489160 -0.0000000000 0.0000000000 
11297.29730 -0.0003496746 -0.0000000000 0.0000000000 
11309.30931 -0.0003504339 -0.0000000000 0.0000000000 
11321.32132 -0.0003511940 -0.0000000000 0.0000000000 
11333.33333 -0.0003519548 -0.0000000000 0.0000000000 
11345.34535 -0.0003527163 -0.0000000000 0.0000000000 
11357.35736 -0.0003534786 -0.0000000000 0.0000000000 
11369.36937 -0.0003542416 -0.0000000000 0.0000000000 
11381.38138 -0.0003550054 -0.0000000000 0.0000000000 
11393.39339 -0.0003557699 -0.0000000000 0.0000000000 
11405.40541 -0.0003565351 -0.0000000000 0.0000000000 
11417.41742 -0.0003573011 -0.0000000000 0.0000000000 
11429.42943 -0.0003580678 -0.0000000000 0.0000000000 
11441.44144 -0.0003588352 -0.0000000000 0.0000000000 
11453.45345 -0.0003596034 -0.0000000000 0.0000000000 
11465.46547 -0.0003603723 -0.0000000000 0.0000000000 
11477.47748 -0.0003611420 -0.0000000000 0.0000000000 
11489.48949 -0.0003619124 -0.0000000000 0.0000000000 
11501.50150 -0.0003626835 -0.0000000000 0.0000000000 
11513.51351 -0.0003634554 -0.0000000000 0.0000000000 
11525.52553 -0.0003642280 -0.0000000000 0.0000000000 
11537.53754 -0.0003650014 -0.0000000000 0.0000000000 
11549.54955 -0.0003657755 -0.0000000000 0.0000000000 
11561.56156 -0.0003665503 -0.0000000000 0.0000000000 
11573.57357 -0.0003673258 -0.0000000000 0.0000000000 
11585.58559 -0.0003681021 -0.0000000000 0.0000000000 
11597.59760 -0.0003688791 -0.0000000000 0.0000000000 
11609.60961 -0.0003696569 -0.0000000000 0.0000000000 
11621.62162 -0.0003704354 -0.0000000000 0.0000000000 
11633.63363 -0.0003712146 -0.0000000000 0.0000000000 
11645.64565 -0.0003719946 -0.0000000000 0.0000000000 
11657.65766 -0.0003727753 -0.0000000000 0.0000000000 
11669.66967 -0.0003735567 -0.0000000000 0.0000000000 
11681.68168 -0.0003743389 -0.0000000000 0.0000000000 
11693.69369 -0.0003751218 -0.0000000000 0.0000000000 
11705.70571 -0.0003759054 -0.0000000000 0.0000000000 
11717.71772 -0.0003766898 -0.0000000000 0.0000000000 
11729.72973 -0.0003774749 -0.0000000000 0.0000000000 
11741.74174 -0.0003782607 -0.0000000000 0.0000000000 
11753.75375 -0.0003790473 -0.0000000000 0.0000000000 
11765.76577 -0.0003798346 -0.0000000000 0.0000000000 
11777.77778 -0.0003806226 -0.0000000000 0.0000000000 
11789.78979 -0.0003814113 -0.0000000000 0.0000000000 
11801.80180 -0.0003822008 -0.0000000000 0.0000000000 
11813.81381 -0.0003829910 -0.0000000000 0.0000000000 
11825.82583 -0.0003837820 -0.0000000000 0.0000000000 
11837.83784 -0.0003845737 -0.0000000000 0.0000000000 
11849.84985 -0.0003853661 -0.0000000000 0.0000000000 
11861.86186 -0.0003861592 -0.0000000000 0.0000000000 
11873.87387 -0.0003869531 -0.0000000000 0.0000000000 
11885.88589 -0.0003877477 -0.0000000000 0.0000000000 
11897.89790 -0.0003885430 -0.0000000000 0.0000000000 
11909.90991 -0.0003893391 -0.0000000000 0.0000000000 
11921.92192 -0.0003901359 -0.0000000000 0.0000000000 
11933.93393 -0.0003909334 -0.0000000000 0.0000000000 
11945.94595 -0.0003917316 -0.0000000000 0.0000000000 
11957.95796 -0.0003925306 -0.0000000000 0.0000000000 
11969.96997 -0.0003933303 -0.0000000000 0.0000000000 
11981.98198 -0.0003941307 -0.0000000000 0.0000000000 
11993.99399 -0.0003949319 -0.0000000000 0.0000000000 
12006.00601 -0.0003957338 -0.0000000000 0.0000000000 
12018.01802 -0.0003965364 -0.0000000000 0.0000000000 
12030.03003 -0.0003973397 -0.0000000000 0.0000000000 
12042.04204 -0.0003981438 -0.0000000000 0.0000000000 
12054.05405 -0.0003989486 -0.0000000000 0.0000000000 
12066.06607 -0.0003997541 -0.0000000000 0.0000000000 
12078.07808 -0.0004005603 -0.0000000000 0.0000000000 
12090.09009 -0.0004013673 -0.0000000000 0.0000000000 
12102.10210 -0.0004021750 -0.0000000000 0.0000000000 
12114.11411 -0.0004029834 -0.0000000000 0.0000000000 
12126.12613 -0.0004037926 -0.0000000000 0.0000000000 
12138.13814 -0.0004046024 -0.0000000000 0.0000000000 
12150.15015 -0.0004054130 -0.0000000000 0.0000000000 
12162.16216 -0.0004062243 -0.0000000000 0.0000000000 
12174.17417 -0.0004070364 -0.0000000000 0.0000000000 
12186.18619 -0.0004078491 -0.0000000000 0.0000000000 
12198.19820 -0.0004086626 -0.0000000000 0.0000000000 
12210.21021 -0.0004094768 -0.0000000000 0.0000000000 
12222.22222 -0.0004102918 -0.0000000000 0.0000000000 
12234.23423 -0.0004111074 -0.0000000000 0.0000000000 
12246.24625 -0.0004119238 -0.0000000000 0.0000000000 
12258.25826 -0.0004127409 -0.0000000000 0.0000000000 
12270.27027 -0.0004135588 -0.0000000000 0.0000000000 
12282.28228 -0.0004143773 -0.0000000000 0.0000000000 
12294.29429 -0.0004151966 -0.0000000000 0.0000000000 
12306.30631 -0.0004160166 -0.0000000000 0.0000000000 
12318.31832 -0.0004168373 -0.0000000000 0.0000000000 
12330.33033 -0.0004176587 -0.0000000000 0.0000000000 
12342.34234 -0.0004184809 -0.0000000000 0.0000000000 
12354.35435 -0.0004193038 -0.0000000000 0.0000000000 
12366.36637 -0.0004201274 -0.0000000000 0.0000000000 
12378.37838 -0.0004209517 -0.0000000000 0.0000000000 
12390.39039 -0.0004217767 -0.0000000000 0.0000000000 
12402.40240 -0.0004226025 -0.0000000000 0.0000000000 
12414.41441 -0.0004234290 -0.0000000000 0.0000000000 
12426.42643 -0.0004242562 -0.0000000000 0.0000000000 
12438.43844 -0.0004250841 -0.0000000000 0.0000000000 
12450.45045 -0.0004259127 -0.0000000000 0.0000000000 
12462.46246 -0.0004267421 -0.0000000000 0.0000000000 
12474.47447 -0.0004275722 -0.0000000000 0.0000000000 
12486.48649 -0.0004284030 -0.0000000000 0.0000000000 
12498.49850 -0.0004292345 -0.0000000000 0.0000000000 
12510.51051 -0.0004300667 -0.0000000000 0.0000000000 
12522.52252 -0.0004308996 -0.0000000000 0.0000000000 
12534.53453 -0.0004317333 -0.0000000000 0.0000000000 
12546.54655 -0.0004325677 -0.0000000000 0.0000000000 
12558.55856 -0.0004334028 -0.0000000000 0.0000000000 
12570.57057 -0.0004342386 -0.0000000000 0.0000000000 
12582.58258 -0.0004350751 -0.0000000000 0.0000000000 
12594.59459 -0.0004359124 -0.0000000000 0.0000000000 
12606.60661 -0.0004367504 -0.0000000000 0.0000000000 
12618.61862 -0.0004375890 -0.0000000000 0.0000000000 
12630.63063 -0.0004384284 -0.0000000000 0.0000000000 
12642.64264 -0.0004392686 -0.0000000000 0.0000000000 
12654.65465 -0.0004401094 -0.0000000000 0.0000000000 
12666.66667 -0.0004409509 -0.0000000000 0.0000000000 
12678.67868 -0.0004417932 -0.0000000000 0.0000000000 
12690.69069 -0.0004426362 -0.0000000000 0.0000000000 
12702.70270 -0.0004434799 -0.0000000000 0.0000000000 
12714.71471 -0.0004443243 -0.0000000000 0.0000000000 
12726.72673 -0.0004451694 -0.0000000000 0.0000000000 
12738.73874 -0.0004460152 -0.0000000000 0.0000000000 
12750.75075 -0.0004468617 -0.0000000000 0.0000000000 
12762.76276 -0.0004477090 -0.0000000000 0.0000000000 
12774.77477 -0.0004485570 -0.0000000000 0.0000000000 
12786.78679 -0.0004494057 -0.0000000000 0.0000000000 
12798.79880 -0.0004502550 -0.0000000000 0.0000000000 
12810.81081 -0.0004511052 -0.0000000000 0.0000000000 
12822.82282 -0.0004519560 -0.0000000000 0.0000000000 
12834.83483 -0.0004528075 -0.0000000000 0.0000000000 
12846.84685 -0.0004536598 -0.0000000000 0.0000000000 
12858.85886 -0.0004545127 -0.0000000000 0.0000000000 
12870.87087 -0.0004553664 -0.0000000000 0.0000000000 
12882.88288 -0.0004562208 -0.0000000000 0.0000000000 
12894.89489 -0.0004570758 -0.0000000000 0.0000000000 
12906.90691 -0.0004579316 -0.0000000000 0.0000000000 
12918.91892 -0.0004587882 -0.0000000000 0.0000000000 
12930.93093 -0.0004596454 -0.0000000000 0.0000000000 
12942.94294 -0.0004605033 -0.0000000000 0.0000000000 
12954.95495 -0.0004613619 -0.0000000000 0.0000000000 
12966.96697 -0.0004622213 -0.0000000000 0.0000000000 
12978.97898 -0.0004630814 -0.0000000000 0.0000000000 
12990.99099 -0.0004639421 -0.0000000000 0.0000000000 
13003.00300 -0.0004648036 -0.0000000000 0.0000000000 
13015.01502 -0.0004656658 -0.0000000000 0.0000000000 
13027.02703 -0.0004665287 -0.0000000000 0.0000000000 
13039.03904 -0.0004673923 -0.0000000000 0.0000000000 
13051.05105 -0.0004682566 -0.0000000000 0.0000000000 
13063.06306 -0.0004691216 -0.0000000000 0.0000000000 
13075.07508 -0.0004699874 -0.0000000000 0.0000000000 
13087.08709 -0.0004708538 -0.0000000000 0.0000000000 
13099.09910 -0.0004717209 -0.0000000000 0.0000000000 
13111.11111 -0.0004725888 -0.0000000000 0.0000000000 
13123.12312 -0.0004734573 -0.0000000000 0.0000000000 
13135.13514 -0.0004743266 -0.0000000000 0.0000000000 
13147.14715 -0.0004751966 -0.0000000000 0.0000000000 
13159.15916 -0.0004760673 -0.0000000000 0.0000000000 
13171.17117 -0.0004769386 -0.0000000000 0.0000000000 
13183.18318 -0.0004778107 -0.0000000000 0.0000000000 
13195.19520 -0.0004786835 -0.0000000000 0.0000000000 
13207.20721 -0.0004795570 -0.0000000000 0.0000000000 
13219.21922 -0.0004804312 -0.0000000000 0.0000000000 
13231.23123 -0.0004813061 -0.0000000000 0.0000000000 
13243.24324 -0.0004821817 -0.0000000000 0.0000000000 
13255.25526 -0.0004830581 -0.0000000000 0.0000000000 
13267.26727 -0.0004839351 -0.0000000000 0.0000000000 
13279.27928 -0.0004848128 -0.0000000000 0.0000000000 
13291.29129 -0.0004856912 -0.0000000000 0.0000000000 
13303.30330 -0.0004865704 -0.0000000000 0.0000000000 
13315.31532 -0.0004874502 -0.0000000000 0.0000000000 
13327.32733 -0.0004883308 -0.0000000000 0.0000000000 
13339.33934 -0.0004892120 -0.0000000000 0.0000000000 
13351.35135 -0.0004900939 -0.0000000000 0.0000000000 
13363.36336 -0.0004909766 -0.0000000000 0.0000000000 
13375.37538 -0.0004918599 -0.0000000000 0.0000000000 
13387.38739 -0.0004927440 -0.0000000000 0.0000000000 
13399.39940 -0.0004936288 -0.0000000000 0.0000000000 
13411.41141 -0.0004945142 -0.0000000000 0.0000000000 
13423.42342 -0.0004954004 -0.0000000000 0.0000000000 
13435.43544 -0.0004962872 -0.0000000000 0.0000000000 
13447.44745 -0.0004971748 -0.0000000000 0.0000000000 
13459.45946 -0.0004980631 -0.0000000000 0.0000000000 
13471.47147 -0.0004989520 -0.0000000000 0.0000000000 
13483.48348 -0.0004998417 -0.0000000000 0.0000000000 
13495.49550 -0.0005007320 -0.0000000000 0.0000000000 
13507.50751 -0.0005016231 -0.0000000000 0.0000000000 
13519.51952 -0.0005025149 -0.0000000000 0.0000000000 
13531.53153 -0.0005034073 -0.0000000000 0.0000000000 
13543.54354 -0.0005043005 -0.0000000000 0.0000000000 
13555.55556 -0.0005051944 -0.0000000000 0.0000000000 
13567.56757 -0.0005060889 -0.0000000000 0.0000000000 
13579.57958 -0.0005069842 -0.0000000000 0.0000000000 
13591.59159 -0.0005078801 -0.0000000000 0.0000000000 
13603.60360 -0.0005087768 -0.0000000000 0.0000000000 
13615.61562 -0.0005096742 -0.0000000000 0.0000000000 
13627.62763 -0.0005105722 -0.0000000000 0.0000000000 
13639.63964 -0.0005114710 -0.0000000000 0.0000000000 
13651.65165 -0.0005123704 -0.0000000000 0.0000000000 
13663.66366 -0.0005132706 -0.0000000000 0.0000000000 
13675.67568 -0.0005141714 -0.0000000000 0.0000000000 
13687.68769 -0.0005150729 -0.0000000000 0.0000000000 
13699.69970 -0.0005159752 -0.0000000000 0.0000000000 
13711.71171 -0.0005168781 -0.0000000000 0.0000000000 
13723.72372 -0.0005177817 -0.0000000000 0.0000000000 
13735.73574 -0.0005186861 -0.0000000000 0.0000000000 
13747.74775 -0.0005195911 -0.0000000000 0.0000000000 
13759.75976 -0.0005204968 -0.0000000000 0.0000000000 
13771.77177 -0.0005214032 -0.0000000000 0.0000000000 
13783.78378 -0.0005223103 -0.0000000000 0.0000000000 
13795.79580 -0.0005232181 -0.0000000000 0.0000000000 
13807.80781 -0.0005241266 -0.0000000000 0.0000000000 
13819.81982 -0.0005250358 -0.0000000000 0.0000000000 
13831.83183 -0.0005259457 -0.0000000000 0.0000000000 
13843.84384 -0.0005268563 -0.0000000000 0.0000000000 
13855.85586 -0.0005277675 -0.0000000000 0.0000000000 
13867.86787 -0.0005286795 -0.0000000000 0.0000000000 
13879.87988 -0.0005295922 -0.0000000000 0.0000000000 
13891.89189 -0.0005305055 -0.0000000000 0.0000000000 
13903.90390 -0.0005314196 -0.0000000000 0.0000000000 
13915.91592 -0.0005323343 -0.0000000000 0.0000000000 
13927.92793 -0.0005332497 -0.0000000000 0.0000000000 
13939.93994 -0.0005341659 -0.0000000000 0.0000000000 
13951.95195 -0.0005350827 -0.0000000000 0.0000000000 
13963.96396 -0.0005360002 -0.0000000000 0.0000000000 
13975.97598 -0.0005369184 -0.0000000000 0.0000000000 
13987.98799 -0.0005378373 -0.0000000000 0.0000000000 
14000.00000 -0.0005387569 -0.0000000000 0.0000000000 
