1 Layers
   1.446742e+04 
   7.778003e+03 
   1.805282e+05 
  -1.163897e+05 
   0.000000e+00 
  -0.000000e+00 
   0.000000e+00 
2 Layers
   1.537051e+04 
   5.936262e+03 
   1.203628e+05 
  -7.298708e+04 
   9.998680e+02 
   8.678758e+03 
   4.496442e+07 
  -4.135658e+06 
   0.000000e+00 
  -0.000000e+00 
   0.000000e+00 
   0.000000e+00 
   0.000000e+00 
  -4.160945e+00 
3 Layers
   1.585322e+04 
   5.195089e+03 
   9.341597e+04 
  -5.517924e+04 
   1.225709e+03 
   7.574635e+03 
   1.118750e+07 
  -1.390463e+06 
   1.435627e+04 
   8.495053e+03 
   2.684950e+07 
  -6.032324e+06 
   0.000000e+00 
  -0.000000e+00 
   0.000000e+00 
   0.000000e+00 
   0.000000e+00 
   0.000000e+00 
   0.000000e+00 
  -2.187994e+00 
   6.857642e-01 
4 Layers
   1.616136e+04 
   4.791700e+03 
   7.770881e+04 
  -4.535724e+04 
   1.401377e+03 
   6.930285e+03 
   4.561316e+06 
  -6.872728e+05 
   1.472701e+04 
   7.561799e+03 
   1.042480e+07 
  -2.685987e+06 
   9.631799e+02 
   9.086217e+03 
   1.206083e+08 
  -8.366130e+06 
   0.000000e+00 
  -0.000000e+00 
   0.000000e+00 
   0.000000e+00 
   0.000000e+00 
   0.000000e+00 
   0.000000e+00 
   0.000000e+00 
   0.000000e+00 
  -1.434038e+00 
   4.857397e-01 
  -4.964206e+00 
5 Layers
   1.637558e+04 
   4.538456e+03 
   6.737176e+04 
  -3.913164e+04 
   1.543691e+03 
   6.501382e+03 
   2.406614e+06 
  -4.156084e+05 
   1.500640e+04 
   6.940794e+03 
   5.206154e+06 
  -1.482909e+06 
   1.079558e+03 
   8.406704e+03 
   5.197613e+07 
  -4.351530e+06 
   1.428703e+04 
   8.728686e+03 
   3.830449e+07 
  -8.066687e+06 
   0.000000e+00 
  -0.000000e+00 
   0.000000e+00 
   0.000000e+00 
   0.000000e+00 
   0.000000e+00 
   0.000000e+00 
   0.000000e+00 
   0.000000e+00 
   0.000000e+00 
   0.000000e+00 
  -1.058891e+00 
   3.766473e-01 
  -3.412859e+00 
   1.494838e+00 
6 Layers
   1.653270e+04 
   4.365144e+03 
   6.005636e+04 
  -3.484095e+04 
   1.662028e+03 
   6.192909e+03 
   1.483252e+06 
  -2.838943e+05 
   1.522751e+04 
   6.493352e+03 
   3.038230e+06 
  -9.352894e+05 
   1.180938e+03 
   7.908308e+03 
   2.683826e+07 
  -2.604257e+06 
   1.452323e+04 
   8.096672e+03 
   2.060451e+07 
  -4.750912e+06 
   9.463553e+02 
   9.228652e+03 
   1.528667e+08 
  -9.964891e+06 
   0.000000e+00 
  -0.000000e+00 
   0.000000e+00 
   0.000000e+00 
   0.000000e+00 
   0.000000e+00 
   0.000000e+00 
   0.000000e+00 
   0.000000e+00 
   0.000000e+00 
   0.000000e+00 
   0.000000e+00 
  -5.551115e-16 
  -8.419687e-01 
   3.074147e-01 
  -2.542829e+00 
   1.123791e+00 
  -5.064994e+00 
7 Layers
   1.665244e+04 
   4.239367e+03 
   5.461639e+04 
  -3.171073e+04 
   1.762292e+03 
   5.959328e+03 
   1.012684e+06 
  -2.101574e+05 
   1.540834e+04 
   6.153581e+03 
   1.969478e+06 
  -6.453377e+05 
   1.270601e+03 
   7.524146e+03 
   1.567227e+07 
  -1.714699e+06 
   1.471995e+04 
   7.612523e+03 
   1.239363e+07 
  -3.078041e+06 
   1.024714e+03 
   8.740114e+03 
   8.450757e+07 
  -6.292014e+06 
   1.425381e+04 
   8.833414e+03 
   4.362220e+07 
  -8.985670e+06 
   0.000000e+00 
  -0.000000e+00 
   0.000000e+00 
   0.000000e+00 
   0.000000e+00 
   0.000000e+00 
   0.000000e+00 
   0.000000e+00 
   0.000000e+00 
   0.000000e+00 
   0.000000e+00 
   0.000000e+00 
   0.000000e+00 
   0.000000e+00 
   1.110223e-16 
  -7.036279e-01 
   2.593020e-01 
  -2.002162e+00 
   8.881436e-01 
  -3.906650e+00 
   1.853584e+00 
8 Layers
   1.674642e+04 
   4.144096e+03 
   5.042068e+04 
  -2.933034e+04 
   1.848482e+03 
   5.775798e+03 
   7.427412e+05 
  -1.645891e+05 
   1.555977e+04 
   5.885737e+03 
   1.376246e+06 
  -4.748120e+05 
   1.350800e+03 
   7.217384e+03 
   1.000073e+07 
  -1.209467e+06 
   1.488753e+04 
   7.227738e+03 
   8.083372e+06 
  -2.136885e+06 
   1.095968e+03 
   8.347581e+03 
   5.122681e+07 
  -4.267162e+06 
   1.442729e+04 
   8.356464e+03 
   2.755636e+07 
  -6.071412e+06 
   9.373136e+02 
   9.300252e+03 
   1.699321e+08 
  -1.078608e+07 
   0.000000e+00 
  -0.000000e+00 
   0.000000e+00 
   0.000000e+00 
   0.000000e+00 
   0.000000e+00 
   0.000000e+00 
   0.000000e+00 
   0.000000e+00 
   0.000000e+00 
   0.000000e+00 
   0.000000e+00 
   0.000000e+00 
   0.000000e+00 
   0.000000e+00 
   0.000000e+00 
  -1.110223e-16 
  -6.090760e-01 
   2.238226e-01 
  -1.640957e+00 
   7.273664e-01 
  -3.138580e+00 
   1.487482e+00 
  -5.115438e+00 
9 Layers
   1.682194e+04 
   4.069535e+03 
   4.709186e+04 
  -2.746176e+04 
   1.923444e+03 
   5.627514e+03 
   5.740570e+05 
  -1.343313e+05 
   1.568891e+04 
   5.668578e+03 
   1.017089e+06 
  -3.664885e+05 
   1.423163e+03 
   6.965850e+03 
   6.821750e+06 
  -8.984367e+05 
   1.503274e+04 
   6.913382e+03 
   5.604676e+06 
  -1.563017e+06 
   1.161274e+03 
   8.023831e+03 
   3.329815e+07 
  -3.054936e+06 
   1.457880e+04 
   7.965379e+03 
   1.853534e+07 
  -4.328080e+06 
   9.963724e+02 
   8.919327e+03 
   1.076410e+08 
  -7.569891e+06 
   1.423461e+04 
   8.892568e+03 
   4.666235e+07 
  -9.506158e+06 
   0.000000e+00 
  -0.000000e+00 
   0.000000e+00 
   0.000000e+00 
   0.000000e+00 
   0.000000e+00 
   0.000000e+00 
   0.000000e+00 
   0.000000e+00 
   0.000000e+00 
   0.000000e+00 
   0.000000e+00 
   0.000000e+00 
   0.000000e+00 
   0.000000e+00 
   0.000000e+00 
   0.000000e+00 
   0.000000e+00 
   2.220446e-16 
  -5.410285e-01 
   1.965492e-01 
  -1.386297e+00 
   6.117485e-01 
  -2.600881e+00 
   1.228843e+00 
  -4.194648e+00 
   2.041483e+00 
10 Layers
   1.688381e+04 
   4.009655e+03 
   4.439035e+04 
  -2.595759e+04 
   1.989280e+03 
   5.505056e+03 
   4.616304e+05 
  -1.131173e+05 
   1.580062e+04 
   5.488613e+03 
   7.847754e+05 
  -2.935090e+05 
   1.488923e+03 
   6.755297e+03 
   4.900517e+06 
  -6.947669e+05 
   1.516026e+04 
   6.651005e+03 
   4.075932e+06 
  -1.190785e+06 
   1.221505e+03 
   7.751327e+03 
   2.285905e+07 
  -2.281693e+06 
   1.471286e+04 
   7.637813e+03 
   1.309622e+07 
  -3.217617e+06 
   1.051299e+03 
   8.597717e+03 
   7.209012e+07 
  -5.547218e+06 
   1.437171e+04 
   8.509791e+03 
   3.240847e+07 
  -6.964772e+06 
   9.317212e+02 
   9.343271e+03 
   1.804179e+08 
  -1.128427e+07 
   0.000000e+00 
  -0.000000e+00 
   0.000000e+00 
   0.000000e+00 
   0.000000e+00 
   0.000000e+00 
   0.000000e+00 
   0.000000e+00 
   0.000000e+00 
   0.000000e+00 
   0.000000e+00 
   0.000000e+00 
   0.000000e+00 
   0.000000e+00 
   0.000000e+00 
   0.000000e+00 
   0.000000e+00 
   0.000000e+00 
   0.000000e+00 
   0.000000e+00 
   7.216450e-16 
  -4.900586e-01 
   1.749291e-01 
  -1.199123e+00 
   5.251995e-01 
  -2.208322e+00 
   1.038385e+00 
  -3.525058e+00 
   1.709693e+00 
  -5.152578e+00 
11 Layers
   1.693534e+04 
   3.960548e+03 
   4.215676e+04 
  -2.472177e+04 
   2.047584e+03 
   5.402122e+03 
   3.828478e+05 
  -9.759883e+04 
   1.589840e+04 
   5.336825e+03 
   6.264958e+05 
  -2.420128e+05 
   1.549036e+03 
   6.576103e+03 
   3.668427e+06 
  -5.547365e+05 
   1.527346e+04 
   6.428222e+03 
   3.079429e+06 
  -9.372313e+05 
   1.277344e+03 
   7.518196e+03 
   1.639507e+07 
  -1.763036e+06 
   1.483272e+04 
   7.358748e+03 
   9.626278e+06 
  -2.474139e+06 
   1.102630e+03 
   8.321766e+03 
   5.049412e+07 
  -4.208761e+06 
   1.449484e+04 
   8.183030e+03 
   2.343110e+07 
  -5.280710e+06 
   9.791070e+02 
   9.031224e+03 
   1.244770e+08 
  -8.462366e+06 
   1.422214e+04 
   8.930538e+03 
   4.862547e+07 
  -9.840700e+06 
   0.000000e+00 
  -0.000000e+00 
   0.000000e+00 
   0.000000e+00 
   0.000000e+00 
   0.000000e+00 
   0.000000e+00 
   0.000000e+00 
   0.000000e+00 
   0.000000e+00 
   0.000000e+00 
   0.000000e+00 
   0.000000e+00 
   0.000000e+00 
   0.000000e+00 
   0.000000e+00 
   0.000000e+00 
   0.000000e+00 
   0.000000e+00 
   0.000000e+00 
   0.000000e+00 
   0.000000e+00 
   3.885781e-16 
  -4.506458e-01 
   1.573784e-01 
  -1.056915e+00 
   4.583305e-01 
  -1.911983e+00 
   8.934495e-01 
  -3.021521e+00 
   1.459038e+00 
  -4.388057e+00 
   2.153303e+00 
12 Layers
   1.697887e+04 
   3.919572e+03 
   4.028105e+04 
  -2.368908e+04 
   2.099591e+03 
   5.314331e+03 
   3.253900e+05 
  -8.585430e+04 
   1.598482e+04 
   5.206937e+03 
   5.140556e+05 
  -2.042955e+05 
   1.604265e+03 
   6.421509e+03 
   2.839533e+06 
  -4.545909e+05 
   1.537484e+04 
   6.236383e+03 
   2.400099e+06 
  -7.575303e+05 
   1.329337e+03 
   7.316070e+03 
   1.218784e+07 
  -1.400660e+06 
   1.494082e+04 
   7.117674e+03 
   7.308774e+06 
  -1.955799e+06 
   1.150794e+03 
   8.081841e+03 
   3.669327e+07 
  -3.285669e+06 
   1.460635e+04 
   7.900201e+03 
   1.750895e+07 
  -4.118211e+06 
   1.023793e+03 
   8.759421e+03 
   8.914426e+07 
  -6.532292e+06 
   1.433549e+04 
   8.610946e+03 
   3.594774e+07 
  -7.604578e+06 
   9.279311e+02 
   9.371963e+03 
   1.874992e+08 
  -1.161834e+07 
   0.000000e+00 
  -0.000000e+00 
   0.000000e+00 
   0.000000e+00 
   0.000000e+00 
   0.000000e+00 
   0.000000e+00 
   0.000000e+00 
   0.000000e+00 
   0.000000e+00 
   0.000000e+00 
   0.000000e+00 
   0.000000e+00 
   0.000000e+00 
   0.000000e+00 
   0.000000e+00 
   0.000000e+00 
   0.000000e+00 
   0.000000e+00 
   0.000000e+00 
   0.000000e+00 
   0.000000e+00 
   0.000000e+00 
   0.000000e+00 
  -1.110223e-16 
  -4.193697e-01 
   1.428579e-01 
  -9.459121e-01 
   4.053319e-01 
  -1.682099e+00 
   7.801746e-01 
  -2.632354e+00 
   1.264481e+00 
  -3.798678e+00 
   1.856823e+00 
  -5.182132e+00 
13 Layers
   1.701607e+04 
   3.884878e+03 
   3.868486e+04 
  -2.281372e+04 
   2.146275e+03 
   5.238531e+03 
   2.820992e+05 
  -7.671572e+04 
   1.606184e+04 
   5.094435e+03 
   4.313948e+05 
  -1.758115e+05 
   1.655228e+03 
   6.286610e+03 
   2.259493e+06 
  -3.806057e+05 
   1.546634e+04 
   6.069237e+03 
   1.919549e+06 
  -6.259295e+05 
   1.377927e+03 
   7.138865e+03 
   9.334297e+06 
  -1.138787e+06 
   1.503902e+04 
   6.906989e+03 
   5.701122e+06 
  -1.582104e+06 
   1.196142e+03 
   7.870927e+03 
   2.749600e+07 
  -2.626848e+06 
   1.470805e+04 
   7.652558e+03 
   1.344941e+07 
  -3.288091e+06 
   1.066071e+03 
   8.520061e+03 
   6.586261e+07 
  -5.165801e+06 
   1.443916e+04 
   8.330754e+03 
   2.732692e+07 
  -6.018090e+06 
   9.674963e+02 
   9.107741e+03 
   1.371638e+08 
  -9.117759e+06 
   1.421341e+04 
   8.956965e+03 
   4.999661e+07 
  -1.007372e+07 
   0.000000e+00 
  -0.000000e+00 
   0.000000e+00 
   0.000000e+00 
   0.000000e+00 
   0.000000e+00 
   0.000000e+00 
   0.000000e+00 
   0.000000e+00 
   0.000000e+00 
   0.000000e+00 
   0.000000e+00 
   0.000000e+00 
   0.000000e+00 
   0.000000e+00 
   0.000000e+00 
   0.000000e+00 
   0.000000e+00 
   0.000000e+00 
   0.000000e+00 
   0.000000e+00 
   0.000000e+00 
   0.000000e+00 
   0.000000e+00 
   0.000000e+00 
   0.000000e+00 
   2.220446e-16 
  -3.940119e-01 
   1.306556e-01 
  -8.573030e-01 
   3.624355e-01 
  -1.499686e+00 
   6.896695e-01 
  -2.324663e+00 
   1.110040e+00 
  -3.333844e+00 
   1.622394e+00 
  -4.528090e+00 
   2.226075e+00 
14 Layers
   1.704820e+04 
   3.855138e+03 
   3.731094e+04 
  -2.206263e+04 
   2.188418e+03 
   5.172398e+03 
   2.485920e+05 
  -6.943899e+04 
   1.613096e+04 
   4.995985e+03 
   3.688659e+05 
  -1.537435e+05 
   1.702435e+03 
   6.167752e+03 
   1.840013e+06 
  -3.244410e+05 
   1.554943e+04 
   5.922150e+03 
   1.568909e+06 
  -5.268682e+05 
   1.423484e+03 
   6.982033e+03 
   7.330792e+06 
  -9.441011e+05 
   1.512876e+04 
   6.721044e+03 
   4.549762e+06 
  -1.304986e+06 
   1.238964e+03 
   7.683775e+03 
   2.114655e+07 
  -2.142880e+06 
   1.480138e+04 
   7.433596e+03 
   1.057527e+07 
  -2.678159e+06 
   1.106184e+03 
   8.307306e+03 
   4.996495e+07 
  -4.169758e+06 
   1.453455e+04 
   8.082705e+03 
   2.127087e+07 
  -4.859707e+06 
   1.005160e+03 
   8.872602e+03 
   1.030563e+08 
  -7.305013e+06 
   1.431002e+04 
   8.682680e+03 
   3.863169e+07 
  -8.083929e+06 
   9.251959e+02 
   9.392461e+03 
   1.925979e+08 
  -1.185783e+07 
   0.000000e+00 
  -0.000000e+00 
   0.000000e+00 
   0.000000e+00 
   0.000000e+00 
   0.000000e+00 
   0.000000e+00 
   0.000000e+00 
   0.000000e+00 
   0.000000e+00 
   0.000000e+00 
   0.000000e+00 
   0.000000e+00 
   0.000000e+00 
   0.000000e+00 
   0.000000e+00 
   0.000000e+00 
   0.000000e+00 
   0.000000e+00 
   0.000000e+00 
   0.000000e+00 
   0.000000e+00 
   0.000000e+00 
   0.000000e+00 
   0.000000e+00 
   0.000000e+00 
   0.000000e+00 
   0.000000e+00 
   5.551115e-16 
  -3.730781e-01 
   1.202664e-01 
  -7.852211e-01 
   3.270997e-01 
  -1.352151e+00 
   6.160039e-01 
  -2.076679e+00 
   9.851055e-01 
  -2.960115e+00 
   1.433460e+00 
  -4.003168e+00 
   1.960525e+00 
  -5.206263e+00 
15 Layers
   1.707622e+04 
   3.829368e+03 
   3.611654e+04 
  -2.141133e+04 
   2.226654e+03 
   5.114175e+03 
   2.220641e+05 
  -6.353115e+04 
   1.619339e+04 
   4.909062e+03 
   3.204108e+05 
  -1.362726e+05 
   1.746313e+03 
   6.062151e+03 
   1.528073e+06 
  -2.808095e+05 
   1.562532e+04 
   5.791601e+03 
   1.306234e+06 
  -4.505374e+05 
   1.466320e+03 
   6.842101e+03 
   5.882126e+06 
  -7.958293e+05 
   1.521123e+04 
   6.555543e+03 
   3.702483e+06 
  -1.094487e+06 
   1.279506e+03 
   7.516371e+03 
   1.662931e+07 
  -1.778505e+06 
   1.488747e+04 
   7.238366e+03 
   8.483533e+06 
  -2.218964e+06 
   1.144334e+03 
   8.116685e+03 
   3.877411e+07 
  -3.425473e+06 
   1.462276e+04 
   7.861273e+03 
   1.689666e+07 
  -3.992900e+06 
   1.041099e+03 
   8.661679e+03 
   7.922626e+07 
  -5.957648e+06 
   1.439953e+04 
   8.437610e+03 
   3.046809e+07 
  -6.601576e+06 
   9.591561e+02 
   9.163370e+03 
   1.470280e+08 
  -9.618395e+06 
   1.420695e+04 
   8.976414e+03 
   5.100807e+07 
  -1.024531e+07 
   0.000000e+00 
  -0.000000e+00 
   0.000000e+00 
   0.000000e+00 
   0.000000e+00 
   0.000000e+00 
   0.000000e+00 
   0.000000e+00 
   0.000000e+00 
   0.000000e+00 
   0.000000e+00 
   0.000000e+00 
   0.000000e+00 
   0.000000e+00 
   0.000000e+00 
   0.000000e+00 
   0.000000e+00 
   0.000000e+00 
   0.000000e+00 
   0.000000e+00 
   0.000000e+00 
   0.000000e+00 
   0.000000e+00 
   0.000000e+00 
   0.000000e+00 
   0.000000e+00 
   0.000000e+00 
   0.000000e+00 
   0.000000e+00 
   0.000000e+00 
  -7.216450e-16 
  -3.555290e-01 
   1.113217e-01 
  -7.256303e-01 
   2.975543e-01 
  -1.230863e+00 
   5.550897e-01 
  -1.873510e+00 
   8.823961e-01 
  -2.654649e+00 
   1.278691e+00 
  -3.574870e+00 
   1.743522e+00 
  -4.634529e+00 
   2.276606e+00 
16 Layers
   1.710084e+04 
   3.806829e+03 
   3.506910e+04 
  -2.084134e+04 
   2.261502e+03 
   5.062512e+03 
   2.006539e+05 
  -5.865454e+04 
   1.625009e+04 
   4.831723e+03 
   2.820794e+05 
  -1.221829e+05 
   1.787221e+03 
   5.967646e+03 
   1.290496e+06 
  -2.462370e+05 
   1.569498e+04 
   5.674866e+03 
   1.104952e+06 
  -3.905274e+05 
   1.506699e+03 
   6.716363e+03 
   4.807812e+06 
  -6.805352e+05 
   1.528736e+04 
   6.407156e+03 
   3.064214e+06 
  -9.312456e+05 
   1.317977e+03 
   7.365586e+03 
   1.333120e+07 
  -1.498286e+06 
   1.496723e+04 
   7.063026e+03 
   6.924574e+06 
  -1.865910e+06 
   1.180696e+03 
   7.944711e+03 
   3.068703e+07 
  -2.857254e+06 
   1.470471e+04 
   7.662165e+03 
   1.366051e+07 
  -3.330388e+06 
   1.075462e+03 
   8.471171e+03 
   6.213060e+07 
  -4.934332e+06 
   1.448284e+04 
   8.217057e+03 
   2.446084e+07 
  -5.473486e+06 
   9.917051e+02 
   8.956274e+03 
   1.145139e+08 
  -7.924136e+06 
   1.429113e+04 
   8.736198e+03 
   4.073255e+07 
  -8.455925e+06 
   9.231302e+02 
   9.407835e+03 
   1.964429e+08 
  -1.203789e+07 
   0.000000e+00 
  -0.000000e+00 
   0.000000e+00 
   0.000000e+00 
   0.000000e+00 
   0.000000e+00 
   0.000000e+00 
   0.000000e+00 
   0.000000e+00 
   0.000000e+00 
   0.000000e+00 
   0.000000e+00 
   0.000000e+00 
   0.000000e+00 
   0.000000e+00 
   0.000000e+00 
   0.000000e+00 
   0.000000e+00 
   0.000000e+00 
   0.000000e+00 
   0.000000e+00 
   0.000000e+00 
   0.000000e+00 
   0.000000e+00 
   0.000000e+00 
   0.000000e+00 
   0.000000e+00 
   0.000000e+00 
   0.000000e+00 
   0.000000e+00 
   0.000000e+00 
   0.000000e+00 
  -3.330669e-16 
  -3.406216e-01 
   1.035461e-01 
  -6.756754e-01 
   2.725311e-01 
  -1.129738e+00 
   5.040291e-01 
  -1.704679e+00 
   7.967744e-01 
  -2.401398e+00 
   1.150113e+00 
  -3.220388e+00 
   1.563663e+00 
  -4.161952e+00 
   2.037184e+00 
  -5.226287e+00 
17 Layers
   1.712265e+04 
   3.786953e+03 
   3.414343e+04 
  -2.033846e+04 
   2.293394e+03 
   5.016350e+03 
   1.830862e+05 
  -5.457130e+04 
   1.630182e+04 
   4.762442e+03 
   2.512117e+05 
  -1.106366e+05 
   1.825466e+03 
   5.882528e+03 
   1.105777e+06 
  -2.183687e+05 
   1.575918e+04 
   5.569799e+03 
   9.476561e+05 
  -3.425178e+05 
   1.544849e+03 
   6.602679e+03 
   3.993414e+06 
  -5.892496e+05 
   1.535792e+04 
   6.273256e+03 
   2.573508e+06 
  -8.023496e+05 
   1.354556e+03 
   7.228938e+03 
   1.086826e+07 
  -1.278769e+06 
   1.504143e+04 
   6.904543e+03 
   5.738373e+06 
  -1.589446e+06 
   1.215420e+03 
   7.788618e+03 
   2.470767e+07 
  -2.415261e+06 
   1.478113e+04 
   7.481994e+03 
   1.121571e+07 
  -2.814575e+06 
   1.108379e+03 
   8.298062e+03 
   4.958007e+07 
  -4.142352e+06 
   1.456068e+04 
   8.017313e+03 
   1.994632e+07 
  -4.598889e+06 
   1.022957e+03 
   8.767934e+03 
   9.077104e+07 
  -6.617851e+06 
   1.436989e+04 
   8.518504e+03 
   3.304133e+07 
  -7.073115e+06 
   9.528762e+02 
   9.205638e+03 
   1.549016e+08 
  -1.001287e+07 
   1.420199e+04 
   8.991325e+03 
   5.178481e+07 
  -1.037691e+07 
   0.000000e+00 
  -0.000000e+00 
   0.000000e+00 
   0.000000e+00 
   0.000000e+00 
   0.000000e+00 
   0.000000e+00 
   0.000000e+00 
   0.000000e+00 
   0.000000e+00 
   0.000000e+00 
   0.000000e+00 
   0.000000e+00 
   0.000000e+00 
   0.000000e+00 
   0.000000e+00 
   0.000000e+00 
   0.000000e+00 
   0.000000e+00 
   0.000000e+00 
   0.000000e+00 
   0.000000e+00 
   0.000000e+00 
   0.000000e+00 
   0.000000e+00 
   0.000000e+00 
   0.000000e+00 
   0.000000e+00 
   0.000000e+00 
   0.000000e+00 
   0.000000e+00 
   0.000000e+00 
   0.000000e+00 
   0.000000e+00 
  -1.665335e-16 
  -3.278120e-01 
   9.672932e-02 
  -6.332873e-01 
   2.511006e-01 
  -1.044379e+00 
   4.607177e-01 
  -1.562636e+00 
   7.245258e-01 
  -2.188810e+00 
   1.041973e+00 
  -2.923322e+00 
   1.412735e+00 
  -3.766429e+00 
   1.836605e+00 
  -4.718299e+00 
   2.313446e+00 
18 Layers
   1.714208e+04 
   3.769299e+03 
   3.331971e+04 
  -1.989158e+04 
   2.322691e+03 
   4.974848e+03 
   1.684631e+05 
  -5.110961e+04 
   1.634924e+04 
   4.700003e+03 
   2.259659e+05 
  -1.010416e+05 
   1.861310e+03 
   5.805432e+03 
   9.595409e+05 
  -1.955651e+05 
   1.581859e+04 
   5.474686e+03 
   8.226033e+05 
  -3.035173e+05 
   1.580966e+03 
   6.499328e+03 
   3.364053e+06 
  -5.158190e+05 
   1.542357e+04 
   6.151741e+03 
   2.189452e+06 
  -6.989494e+05 
   1.389402e+03 
   7.104432e+03 
   8.992227e+06 
  -1.103990e+06 
   1.511069e+04 
   6.760489e+03 
   4.819225e+06 
  -1.369444e+06 
   1.248636e+03 
   7.646179e+03 
   2.019695e+07 
  -2.065753e+06 
   1.485264e+04 
   7.318044e+03 
   9.334448e+06 
  -2.406397e+06 
   1.139962e+03 
   8.139922e+03 
   4.017753e+07 
  -3.519168e+06 
   1.463365e+04 
   7.835403e+03 
   1.649018e+07 
  -3.909643e+06 
   1.053012e+03 
   8.595739e+03 
   7.307591e+07 
  -5.593781e+06 
   1.444382e+04 
   8.320122e+03 
   2.717636e+07 
  -5.986804e+06 
   9.815335e+02 
   9.020655e+03 
   1.240672e+08 
  -8.429932e+06 
   1.427657e+04 
   8.777656e+03 
   4.241981e+07 
  -8.752770e+06 
   9.215155e+02 
   9.419793e+03 
   1.994452e+08 
  -1.217817e+07 
   0.000000e+00 
  -0.000000e+00 
   0.000000e+00 
   0.000000e+00 
   0.000000e+00 
   0.000000e+00 
   0.000000e+00 
   0.000000e+00 
   0.000000e+00 
   0.000000e+00 
   0.000000e+00 
   0.000000e+00 
   0.000000e+00 
   0.000000e+00 
   0.000000e+00 
   0.000000e+00 
   0.000000e+00 
   0.000000e+00 
   0.000000e+00 
   0.000000e+00 
   0.000000e+00 
   0.000000e+00 
   0.000000e+00 
   0.000000e+00 
   0.000000e+00 
   0.000000e+00 
   0.000000e+00 
   0.000000e+00 
   0.000000e+00 
   0.000000e+00 
   0.000000e+00 
   0.000000e+00 
   0.000000e+00 
   0.000000e+00 
   0.000000e+00 
   0.000000e+00 
  -2.220446e-16 
  -3.166938e-01 
   9.070851e-02 
  -5.969343e-01 
   2.325665e-01 
  -9.715452e-01 
   4.235949e-01 
  -1.441819e+00 
   6.629073e-01 
  -2.008393e+00 
   9.500344e-01 
  -2.671624e+00 
   1.284698e+00 
  -3.431734e+00 
   1.666722e+00 
  -4.288868e+00 
   2.095985e+00 
  -5.243128e+00 
19 Layers
   1.715950e+04 
   3.753515e+03 
   3.258218e+04 
  -1.949192e+04 
   2.349697e+03 
   4.937331e+03 
   1.561374e+05 
  -4.814273e+04 
   1.639288e+04 
   4.643429e+03 
   2.050348e+05 
  -9.296981e+04 
   1.894983e+03 
   5.735247e+03 
   8.419199e+05 
  -1.766576e+05 
   1.587375e+04 
   5.388139e+03 
   7.216665e+05 
  -2.714051e+05 
   1.615223e+03 
   6.404911e+03 
   2.869353e+06 
  -4.559185e+05 
   1.548484e+04 
   6.040905e+03 
   1.884084e+06 
  -6.148330e+05 
   1.422651e+03 
   6.990441e+03 
   7.537996e+06 
  -9.628170e+05 
   1.517556e+04 
   6.628894e+03 
   4.095441e+06 
  -1.191859e+06 
   1.280460e+03 
   7.515579e+03 
   1.673305e+07 
  -1.785325e+06 
   1.491978e+04 
   7.168111e+03 
   7.863045e+06 
  -2.078707e+06 
   1.170311e+03 
   7.994772e+03 
   3.300564e+07 
  -3.021548e+06 
   1.470227e+04 
   7.668910e+03 
   1.380051e+07 
  -3.358533e+06 
   1.081956e+03 
   8.437561e+03 
   5.964740e+07 
  -4.779011e+06 
   1.451344e+04 
   8.138440e+03 
   2.262961e+07 
  -5.120897e+06 
   1.009180e+03 
   8.850623e+03 
   1.007606e+08 
  -7.174083e+06 
   1.434688e+04 
   8.581879e+03 
   3.518185e+07 
  -7.461339e+06 
   9.479777e+02 
   9.238843e+03 
   1.613246e+08 
  -1.033152e+07 
   1.419805e+04 
   9.003119e+03 
   5.239998e+07 
  -1.048104e+07 
   0.000000e+00 
  -0.000000e+00 
   0.000000e+00 
   0.000000e+00 
   0.000000e+00 
   0.000000e+00 
   0.000000e+00 
   0.000000e+00 
   0.000000e+00 
   0.000000e+00 
   0.000000e+00 
   0.000000e+00 
   0.000000e+00 
   0.000000e+00 
   0.000000e+00 
   0.000000e+00 
   0.000000e+00 
   0.000000e+00 
   0.000000e+00 
   0.000000e+00 
   0.000000e+00 
   0.000000e+00 
   0.000000e+00 
   0.000000e+00 
   0.000000e+00 
   0.000000e+00 
   0.000000e+00 
   0.000000e+00 
   0.000000e+00 
   0.000000e+00 
   0.000000e+00 
   0.000000e+00 
   0.000000e+00 
   0.000000e+00 
   0.000000e+00 
   0.000000e+00 
   0.000000e+00 
   0.000000e+00 
   2.775558e-16 
  -3.069577e-01 
   8.535523e-02 
  -5.654617e-01 
   2.163984e-01 
  -9.088001e-01 
   3.914821e-01 
  -1.338060e+00 
   6.098556e-01 
  -1.853782e+00 
   8.711175e-01 
  -2.456277e+00 
   1.175028e+00 
  -3.145733e+00 
   1.521434e+00 
  -3.922278e+00 
   1.910229e+00 
  -4.786000e+00 
   2.341340e+00 
20 Layers
   1.717520e+04 
   3.739321e+03 
   3.191813e+04 
  -1.913241e+04 
   2.374671e+03 
   4.903246e+03 
   1.456328e+05 
  -4.557535e+04 
   1.643317e+04 
   4.591920e+03 
   1.874710e+05 
  -8.610517e+04 
   1.926683e+03 
   5.671064e+03 
   7.459759e+05 
  -1.607960e+05 
   1.592514e+04 
   5.309021e+03 
   6.390918e+05 
  -2.446458e+05 
   1.647773e+03 
   6.318276e+03 
   2.474589e+06 
  -4.064432e+05 
   1.554219e+04 
   5.939352e+03 
   1.637848e+06 
  -5.455461e+05 
   1.454425e+03 
   6.885627e+03 
   6.393024e+06 
  -8.473209e+05 
   1.523648e+04 
   6.508138e+03 
   3.517257e+06 
  -1.046680e+06 
   1.310992e+03 
   7.395321e+03 
   1.403050e+07 
  -1.557380e+06 
   1.498297e+04 
   7.030382e+03 
   6.695358e+06 
  -1.812230e+06 
   1.199511e+03 
   7.860979e+03 
   2.744683e+07 
  -2.618951e+06 
   1.476697e+04 
   7.515850e+03 
   1.167643e+07 
  -2.912133e+06 
   1.109866e+03 
   8.291643e+03 
   4.929097e+07 
  -4.122158e+06 
   1.457918e+04 
   7.971315e+03 
   1.905249e+07 
  -4.421639e+06 
   1.035886e+03 
   8.693673e+03 
   8.285607e+07 
  -6.164456e+06 
   1.441333e+04 
   8.401701e+03 
   2.950453e+07 
  -6.420971e+06 
   9.735746e+02 
   9.071732e+03 
   1.321318e+08 
  -8.850244e+06 
   1.426500e+04 
   8.810718e+03 
   4.380374e+07 
  -8.995037e+06 
   9.202188e+02 
   9.429359e+03 
   2.018541e+08 
  -1.229054e+07 
   0.000000e+00 
  -0.000000e+00 
   0.000000e+00 
   0.000000e+00 
   0.000000e+00 
   0.000000e+00 
   0.000000e+00 
   0.000000e+00 
   0.000000e+00 
   0.000000e+00 
   0.000000e+00 
   0.000000e+00 
   0.000000e+00 
   0.000000e+00 
   0.000000e+00 
   0.000000e+00 
   0.000000e+00 
   0.000000e+00 
   0.000000e+00 
   0.000000e+00 
   0.000000e+00 
   0.000000e+00 
   0.000000e+00 
   0.000000e+00 
   0.000000e+00 
   0.000000e+00 
   0.000000e+00 
   0.000000e+00 
   0.000000e+00 
   0.000000e+00 
   0.000000e+00 
   0.000000e+00 
   0.000000e+00 
   0.000000e+00 
   0.000000e+00 
   0.000000e+00 
   0.000000e+00 
   0.000000e+00 
   0.000000e+00 
   0.000000e+00 
   1.110223e-16 
  -2.983647e-01 
   8.056701e-02 
  -5.379843e-01 
   2.021855e-01 
  -8.542817e-01 
   3.634740e-01 
  -1.248176e+00 
   5.637928e-01 
  -1.720134e+00 
   8.027960e-01 
  -2.270419e+00 
   1.080276e+00 
  -2.899200e+00 
   1.396098e+00 
  -3.606585e+00 
   1.750171e+00 
  -4.392654e+00 
   2.142429e+00 
  -5.257461e+00 
21 Layers
   1.718941e+04 
   3.726489e+03 
   3.131723e+04 
  -1.880734e+04 
   2.397832e+03 
   4.872141e+03 
   1.365918e+05 
  -4.333458e+04 
   1.647050e+04 
   4.544816e+03 
   1.725738e+05 
  -8.021042e+04 
   1.956584e+03 
   5.612127e+03 
   6.667283e+05 
  -1.473497e+05 
   1.597314e+04 
   5.236393e+03 
   5.707226e+05 
  -2.221071e+05 
   1.678749e+03 
   6.238466e+03 
   2.155293e+06 
  -3.651209e+05 
   1.559603e+04 
   5.845922e+03 
   1.436782e+06 
  -4.878340e+05 
   1.484831e+03 
   6.788876e+03 
   5.478874e+06 
  -7.517417e+05 
   1.529384e+04 
   6.396880e+03 
   3.049403e+06 
  -9.266331e+05 
   1.340323e+03 
   7.284160e+03 
   1.189177e+07 
  -1.369925e+06 
   1.504260e+04 
   6.903356e+03 
   5.756534e+06 
  -1.593020e+06 
   1.227641e+03 
   7.737180e+03 
   2.307589e+07 
  -2.289376e+06 
   1.482813e+04 
   7.374575e+03 
   9.976813e+06 
  -2.546322e+06 
   1.136811e+03 
   8.156522e+03 
   4.118726e+07 
  -3.586310e+06 
   1.464140e+04 
   7.816967e+03 
   1.620076e+07 
  -3.850323e+06 
   1.061712e+03 
   8.548247e+03 
   6.889976e+07 
  -5.343066e+06 
   1.447629e+04 
   8.235218e+03 
   2.499181e+07 
  -5.572973e+06 
   9.983619e+02 
   8.916815e+03 
   1.094467e+08 
  -7.647795e+06 
   1.432849e+04 
   8.632871e+03 
   3.698729e+07 
  -7.786154e+06 
   9.440502e+02 
   9.265618e+03 
   1.666605e+08 
  -1.059419e+07 
   1.419486e+04 
   9.012682e+03 
   5.289919e+07 
  -1.056548e+07 
   0.000000e+00 
  -0.000000e+00 
   0.000000e+00 
   0.000000e+00 
   0.000000e+00 
   0.000000e+00 
   0.000000e+00 
   0.000000e+00 
   0.000000e+00 
   0.000000e+00 
   0.000000e+00 
   0.000000e+00 
   0.000000e+00 
   0.000000e+00 
   0.000000e+00 
   0.000000e+00 
   0.000000e+00 
   0.000000e+00 
   0.000000e+00 
   0.000000e+00 
   0.000000e+00 
   0.000000e+00 
   0.000000e+00 
   0.000000e+00 
   0.000000e+00 
   0.000000e+00 
   0.000000e+00 
   0.000000e+00 
   0.000000e+00 
   0.000000e+00 
   0.000000e+00 
   0.000000e+00 
   0.000000e+00 
   0.000000e+00 
   0.000000e+00 
   0.000000e+00 
   0.000000e+00 
   0.000000e+00 
   0.000000e+00 
   0.000000e+00 
   0.000000e+00 
   0.000000e+00 
  -3.330669e-16 
  -2.907268e-01 
   7.626109e-02 
  -5.138138e-01 
   1.896050e-01 
  -8.065465e-01 
   3.388654e-01 
  -1.169708e+00 
   5.234942e-01 
  -1.603700e+00 
   7.431914e-01 
  -2.108754e+00 
   9.977760e-01 
  -2.685014e+00 
   1.287130e+00 
  -3.332579e+00 
   1.611173e+00 
  -4.051516e+00 
   1.969846e+00 
  -4.841875e+00 
   2.363107e+00 
22 Layers
   1.720235e+04 
   3.714835e+03 
   3.077096e+04 
  -1.851202e+04 
   2.419372e+03 
   4.843639e+03 
   1.287422e+05 
  -4.136385e+04 
   1.650518e+04 
   4.501571e+03 
   1.598168e+05 
  -7.510447e+04 
   1.984841e+03 
   5.557807e+03 
   6.005333e+05 
  -1.358436e+05 
   1.601809e+04 
   5.169468e+03 
   5.135012e+05 
  -2.029396e+05 
   1.708270e+03 
   6.164680e+03 
   1.893890e+06 
  -3.302609e+05 
   1.564668e+04 
   5.759646e+03 
   1.270732e+06 
  -4.392779e+05 
   1.513967e+03 
   6.699252e+03 
   4.739784e+06 
  -6.718235e+05 
   1.534798e+04 
   6.293997e+03 
   2.666411e+06 
  -8.263439e+05 
   1.368532e+03 
   7.181048e+03 
   1.017739e+07 
  -1.214140e+06 
   1.509901e+04 
   6.785773e+03 
   4.992789e+06 
  -1.410806e+06 
   1.254771e+03 
   7.622232e+03 
   1.959411e+07 
  -2.016700e+06 
   1.488608e+04 
   7.243705e+03 
   8.600594e+06 
  -2.243391e+06 
   1.162852e+03 
   8.030966e+03 
   3.476282e+07 
  -3.144477e+06 
   1.470042e+04 
   7.673902e+03 
   1.390001e+07 
  -3.378590e+06 
   1.086712e+03 
   8.413036e+03 
   5.787708e+07 
  -4.667603e+06 
   1.453608e+04 
   8.080833e+03 
   2.136153e+07 
  -4.874416e+06 
   1.022390e+03 
   8.772710e+03 
   9.158448e+07 
  -6.661111e+06 
   1.438883e+04 
   8.467886e+03 
   3.151672e+07 
  -6.792207e+06 
   9.671771e+02 
   9.113244e+03 
   1.390186e+08 
  -9.204707e+06 
   1.425559e+04 
   8.837700e+03 
   4.495891e+07 
  -9.196453e+06 
   9.191547e+02 
   9.437185e+03 
   2.038297e+08 
  -1.238258e+07 
   0.000000e+00 
  -0.000000e+00 
   0.000000e+00 
   0.000000e+00 
   0.000000e+00 
   0.000000e+00 
   0.000000e+00 
   0.000000e+00 
   0.000000e+00 
   0.000000e+00 
   0.000000e+00 
   0.000000e+00 
   0.000000e+00 
   0.000000e+00 
   0.000000e+00 
   0.000000e+00 
   0.000000e+00 
   0.000000e+00 
   0.000000e+00 
   0.000000e+00 
   0.000000e+00 
   0.000000e+00 
   0.000000e+00 
   0.000000e+00 
   0.000000e+00 
   0.000000e+00 
   0.000000e+00 
   0.000000e+00 
   0.000000e+00 
   0.000000e+00 
   0.000000e+00 
   0.000000e+00 
   0.000000e+00 
   0.000000e+00 
   0.000000e+00 
   0.000000e+00 
   0.000000e+00 
   0.000000e+00 
   0.000000e+00 
   0.000000e+00 
   0.000000e+00 
   0.000000e+00 
   0.000000e+00 
   0.000000e+00 
  -1.665335e-16 
  -2.838951e-01 
   7.236991e-02 
  -4.924073e-01 
   1.784000e-01 
  -7.644601e-01 
   3.171000e-01 
  -1.100725e+00 
   4.879969e-01 
  -1.501549e+00 
   6.908299e-01 
  -1.967134e+00 
   9.254400e-01 
  -2.497609e+00 
   1.191723e+00 
  -3.093059e+00 
   1.489608e+00 
  -3.753545e+00 
   1.819044e+00 
  -4.479112e+00 
   2.179991e+00 
  -5.269791e+00 
23 Layers
   1.721417e+04 
   3.704202e+03 
   3.027227e+04 
  -1.824257e+04 
   2.439454e+03 
   4.817426e+03 
   1.218732e+05 
  -3.961866e+04 
   1.653751e+04 
   4.461723e+03 
   1.487979e+05 
  -7.064712e+04 
   2.011588e+03 
   5.507570e+03 
   5.446802e+05 
  -1.259141e+05 
   1.606029e+04 
   5.107585e+03 
   4.651416e+05 
  -1.864970e+05 
   1.736444e+03 
   6.096238e+03 
   1.677526e+06 
  -3.005849e+05 
   1.569444e+04 
   5.679706e+03 
   1.132190e+06 
  -3.980522e+05 
   1.541918e+03 
   6.615962e+03 
   4.135400e+06 
  -6.043726e+05 
   1.539918e+04 
   6.198539e+03 
   2.349582e+06 
  -7.417775e+05 
   1.395694e+03 
   7.085098e+03 
   8.787141e+06 
  -1.083436e+06 
   1.515247e+04 
   6.676570e+03 
   4.364817e+06 
  -1.257909e+06 
   1.280963e+03 
   7.515165e+03 
   1.678782e+07 
  -1.788918e+06 
   1.494109e+04 
   7.122073e+03 
   7.474187e+06 
  -1.990133e+06 
   1.188045e+03 
   7.913932e+03 
   2.960893e+07 
  -2.776614e+06 
   1.475652e+04 
   7.540860e+03 
   1.202358e+07 
  -2.985337e+06 
   1.110938e+03 
   8.286927e+03 
   4.906694e+07 
  -4.106701e+06 
   1.459296e+04 
   7.937198e+03 
   1.840917e+07 
  -4.293409e+06 
   1.045703e+03 
   8.638242e+03 
   7.735033e+07 
  -5.843517e+06 
   1.444629e+04 
   8.314331e+03 
   2.707809e+07 
  -5.967065e+06 
   9.896411e+02 
   8.971005e+03 
   1.170455e+08 
  -8.055371e+06 
   1.431347e+04 
   8.674789e+03 
   3.852895e+07 
  -8.061713e+06 
   9.408310e+02 
   9.287666e+03 
   1.711618e+08 
  -1.081438e+07 
   1.419221e+04 
   9.020592e+03 
   5.331241e+07 
  -1.063533e+07 
   0.000000e+00 
  -0.000000e+00 
   0.000000e+00 
   0.000000e+00 
   0.000000e+00 
   0.000000e+00 
   0.000000e+00 
   0.000000e+00 
   0.000000e+00 
   0.000000e+00 
   0.000000e+00 
   0.000000e+00 
   0.000000e+00 
   0.000000e+00 
   0.000000e+00 
   0.000000e+00 
   0.000000e+00 
   0.000000e+00 
   0.000000e+00 
   0.000000e+00 
   0.000000e+00 
   0.000000e+00 
   0.000000e+00 
   0.000000e+00 
   0.000000e+00 
   0.000000e+00 
   0.000000e+00 
   0.000000e+00 
   0.000000e+00 
   0.000000e+00 
   0.000000e+00 
   0.000000e+00 
   0.000000e+00 
   0.000000e+00 
   0.000000e+00 
   0.000000e+00 
   0.000000e+00 
   0.000000e+00 
   0.000000e+00 
   0.000000e+00 
   0.000000e+00 
   0.000000e+00 
   0.000000e+00 
   0.000000e+00 
   0.000000e+00 
   0.000000e+00 
  -5.551115e-17 
  -2.777495e-01 
   6.883780e-02 
  -4.733321e-01 
   1.683641e-01 
  -7.271207e-01 
   2.977330e-01 
  -1.039693e+00 
   4.565347e-01 
  -1.411352e+00 
   6.445410e-01 
  -1.842276e+00 
   8.616117e-01 
  -2.332577e+00 
   1.107655e+00 
  -2.882331e+00 
   1.382607e+00 
  -3.491593e+00 
   1.686423e+00 
  -4.160401e+00 
   2.019067e+00 
  -4.888786e+00 
   2.380515e+00 
24 Layers
   1.722500e+04 
   3.694464e+03 
   2.981526e+04 
  -1.799574e+04 
   2.458221e+03 
   4.793234e+03 
   1.158196e+05 
  -3.806355e+04 
   1.656770e+04 
   4.424884e+03 
   1.392059e+05 
  -6.672843e+04 
   2.036947e+03 
   5.460964e+03 
   4.971209e+05 
  -1.172793e+05 
   1.610000e+04 
   5.050184e+03 
   4.239094e+05 
  -1.722801e+05 
   1.763366e+03 
   6.032562e+03 
   1.496655e+06 
  -2.751138e+05 
   1.573958e+04 
   5.605408e+03 
   1.015520e+06 
  -3.627601e+05 
   1.568762e+03 
   6.538331e+03 
   3.636040e+06 
  -5.469582e+05 
   1.544770e+04 
   6.109701e+03 
   2.084971e+06 
  -6.698631e+05 
   1.421872e+03 
   6.995553e+03 
   7.647765e+06 
  -9.728206e+05 
   1.520324e+04 
   6.574843e+03 
   3.843450e+06 
  -1.128507e+06 
   1.306272e+03 
   7.415150e+03 
   1.450163e+07 
  -1.596963e+06 
   1.499341e+04 
   7.008685e+03 
   6.543169e+06 
  -1.776561e+06 
   1.212438e+03 
   7.804528e+03 
   2.542944e+07 
  -2.467621e+06 
   1.480995e+04 
   7.416766e+03 
   1.047803e+07 
  -2.654637e+06 
   1.134432e+03 
   8.168972e+03 
   4.194831e+07 
  -3.636777e+06 
   1.464719e+04 
   7.803164e+03 
   1.598422e+07 
  -3.805917e+06 
   1.068343e+03 
   8.512410e+03 
   6.588287e+07 
  -5.159968e+06 
   1.450111e+04 
   8.170986e+03 
   2.344072e+07 
  -5.276012e+06 
   1.011479e+03 
   8.837848e+03 
   9.938643e+07 
  -7.096136e+06 
   1.436872e+04 
   8.522663e+03 
   3.326980e+07 
  -7.112838e+06 
   9.619228e+02 
   9.147649e+03 
   1.449614e+08 
  -9.507478e+06 
   1.424779e+04 
   8.860137e+03 
   4.593745e+07 
  -9.366515e+06 
   9.182659e+02 
   9.443707e+03 
   2.054790e+08 
  -1.245933e+07 
   0.000000e+00 
  -0.000000e+00 
   0.000000e+00 
   0.000000e+00 
   0.000000e+00 
   0.000000e+00 
   0.000000e+00 
   0.000000e+00 
   0.000000e+00 
   0.000000e+00 
   0.000000e+00 
   0.000000e+00 
   0.000000e+00 
   0.000000e+00 
   0.000000e+00 
   0.000000e+00 
   0.000000e+00 
   0.000000e+00 
   0.000000e+00 
   0.000000e+00 
   0.000000e+00 
   0.000000e+00 
   0.000000e+00 
   0.000000e+00 
   0.000000e+00 
   0.000000e+00 
   0.000000e+00 
   0.000000e+00 
   0.000000e+00 
   0.000000e+00 
   0.000000e+00 
   0.000000e+00 
   0.000000e+00 
   0.000000e+00 
   0.000000e+00 
   0.000000e+00 
   0.000000e+00 
   0.000000e+00 
   0.000000e+00 
   0.000000e+00 
   0.000000e+00 
   0.000000e+00 
   0.000000e+00 
   0.000000e+00 
   0.000000e+00 
   0.000000e+00 
   0.000000e+00 
   0.000000e+00 
  -2.220446e-16 
  -2.721925e-01 
   6.561851e-02 
  -4.562392e-01 
   1.593292e-01 
  -6.938029e-01 
   2.804057e-01 
  -9.853840e-01 
   4.284913e-01 
  -1.331247e+00 
   6.033853e-01 
  -1.731550e+00 
   8.049638e-01 
  -2.186391e+00 
   1.033145e+00 
  -2.695840e+00 
   1.287872e+00 
  -3.259944e+00 
   1.569105e+00 
  -3.878738e+00 
   1.876812e+00 
  -4.552249e+00 
   2.210970e+00 
  -5.280498e+00 
25 Layers
   1.723497e+04 
   3.685512e+03 
   2.939497e+04 
  -1.776883e+04 
   2.475798e+03 
   4.770837e+03 
   1.104503e+05 
  -3.666998e+04 
   1.659597e+04 
   4.390722e+03 
   1.307968e+05 
  -6.326114e+04 
   2.061026e+03 
   5.417604e+03 
   4.562865e+05 
  -1.097180e+05 
   1.613744e+04 
   4.996784e+03 
   3.884709e+05 
  -1.598993e+05 
   1.789123e+03 
   5.973157e+03 
   1.344081e+06 
  -2.530872e+05 
   1.578231e+04 
   5.536157e+03 
   9.164341e+05 
  -3.323191e+05 
   1.594570e+03 
   6.465778e+03 
   3.219549e+06 
  -4.977061e+05 
   1.549377e+04 
   6.026791e+03 
   1.862039e+06 
  -6.082334e+05 
   1.447127e+03 
   6.911761e+03 
   6.704949e+06 
  -8.784628e+05 
   1.525153e+04 
   6.479816e+03 
   3.406737e+06 
  -1.018126e+06 
   1.330752e+03 
   7.321476e+03 
   1.262085e+07 
  -1.433899e+06 
   1.504326e+04 
   6.902691e+03 
   5.766722e+06 
  -1.595023e+06 
   1.236079e+03 
   7.701986e+03 
   2.200649e+07 
  -2.205972e+06 
   1.486091e+04 
   7.300699e+03 
   9.193483e+06 
  -2.374312e+06 
   1.157237e+03 
   8.058354e+03 
   3.613898e+07 
  -3.239860e+06 
   1.469897e+04 
   7.677744e+03 
   1.397430e+07 
  -3.393599e+06 
   1.090346e+03 
   8.394350e+03 
   5.655161e+07 
  -4.583806e+06 
   1.455349e+04 
   8.036806e+03 
   2.043269e+07 
  -4.692583e+06 
   1.032726e+03 
   8.712869e+03 
   8.505136e+07 
  -6.288977e+06 
   1.442156e+04 
   8.380219e+03 
   2.892880e+07 
  -6.312957e+06 
   9.824616e+02 
   9.016188e+03 
   1.237357e+08 
  -8.409351e+06 
   1.430096e+04 
   8.709856e+03 
   3.985976e+07 
  -8.298313e+06 
   9.381446e+02 
   9.306138e+03 
   1.750090e+08 
  -1.100161e+07 
   1.418998e+04 
   9.027242e+03 
   5.366006e+07 
  -1.069407e+07 
   0.000000e+00 
  -0.000000e+00 
   0.000000e+00 
   0.000000e+00 
   0.000000e+00 
   0.000000e+00 
   0.000000e+00 
   0.000000e+00 
   0.000000e+00 
   0.000000e+00 
   0.000000e+00 
   0.000000e+00 
   0.000000e+00 
   0.000000e+00 
   0.000000e+00 
   0.000000e+00 
   0.000000e+00 
   0.000000e+00 
   0.000000e+00 
   0.000000e+00 
   0.000000e+00 
   0.000000e+00 
   0.000000e+00 
   0.000000e+00 
   0.000000e+00 
   0.000000e+00 
   0.000000e+00 
   0.000000e+00 
   0.000000e+00 
   0.000000e+00 
   0.000000e+00 
   0.000000e+00 
   0.000000e+00 
   0.000000e+00 
   0.000000e+00 
   0.000000e+00 
   0.000000e+00 
   0.000000e+00 
   0.000000e+00 
   0.000000e+00 
   0.000000e+00 
   0.000000e+00 
   0.000000e+00 
   0.000000e+00 
   0.000000e+00 
   0.000000e+00 
   0.000000e+00 
   0.000000e+00 
   0.000000e+00 
   0.000000e+00 
   4.996004e-16 
  -2.671440e-01 
   6.267329e-02 
  -4.408443e-01 
   1.511574e-01 
  -6.639182e-01 
   2.648256e-01 
  -9.368008e-01 
   4.033660e-01 
  -1.259725e+00 
   5.666013e-01 
  -1.632829e+00 
   7.544217e-01 
  -2.056203e+00 
   9.667540e-01 
  -2.529907e+00 
   1.203548e+00 
  -3.053984e+00 
   1.464766e+00 
  -3.628466e+00 
   1.750380e+00 
  -4.253377e+00 
   2.060371e+00 
  -4.928736e+00 
   2.394721e+00 
26 Layers
   1.724417e+04 
   3.677256e+03 
   2.900717e+04 
  -1.755952e+04 
   2.492294e+03 
   4.750043e+03 
   1.056601e+05 
  -3.541472e+04 
   1.662250e+04 
   4.358953e+03 
   1.233771e+05 
  -6.017526e+04 
   2.083921e+03 
   5.377154e+03 
   4.209602e+05 
  -1.030544e+05 
   1.617281e+04 
   4.946973e+03 
   3.577877e+05 
  -1.490465e+05 
   1.813792e+03 
   5.917595e+03 
   1.214310e+06 
  -2.339085e+05 
   1.582283e+04 
   5.471441e+03 
   8.316266e+05 
  -3.058809e+05 
   1.619406e+03 
   6.397802e+03 
   2.869166e+06 
  -4.551547e+05 
   1.553758e+04 
   5.949213e+03 
   1.672715e+06 
  -5.550422e+05 
   1.471512e+03 
   6.833161e+03 
   5.917861e+06 
  -7.973869e+05 
   1.529756e+04 
   6.390820e+03 
   3.037949e+06 
  -9.232907e+05 
   1.354448e+03 
   7.233525e+03 
   1.105966e+07 
  -1.294355e+06 
   1.509083e+04 
   6.803355e+03 
   5.113839e+06 
  -1.439588e+06 
   1.259006e+03 
   7.605643e+03 
   1.917764e+07 
  -1.982762e+06 
   1.490960e+04 
   7.191865e+03 
   8.116975e+06 
  -2.134942e+06 
   1.179389e+03 
   7.954365e+03 
   3.135468e+07 
  -2.902098e+06 
   1.474849e+04 
   7.560088e+03 
   1.229445e+07 
  -3.042284e+06 
   1.111746e+03 
   8.283316e+03 
   4.888866e+07 
  -4.094505e+06 
   1.460363e+04 
   7.910886e+03 
   1.792421e+07 
  -4.196363e+06 
   1.053412e+03 
   8.595283e+03 
   7.330701e+07 
  -5.604658e+06 
   1.447216e+04 
   8.246505e+03 
   2.531544e+07 
  -5.633658e+06 
   1.002476e+03 
   8.892465e+03 
   1.063807e+08 
  -7.479667e+06 
   1.435192e+04 
   8.568749e+03 
   3.480882e+07 
  -7.392298e+06 
   9.575304e+02 
   9.176630e+03 
   1.501379e+08 
  -9.768983e+06 
   1.424121e+04 
   8.879089e+03 
   4.677683e+07 
  -9.511997e+06 
   9.175123e+02 
   9.449225e+03 
   2.068767e+08 
  -1.252433e+07 
   0.000000e+00 
  -0.000000e+00 
   0.000000e+00 
   0.000000e+00 
   0.000000e+00 
   0.000000e+00 
   0.000000e+00 
   0.000000e+00 
   0.000000e+00 
   0.000000e+00 
   0.000000e+00 
   0.000000e+00 
   0.000000e+00 
   0.000000e+00 
   0.000000e+00 
   0.000000e+00 
   0.000000e+00 
   0.000000e+00 
   0.000000e+00 
   0.000000e+00 
   0.000000e+00 
   0.000000e+00 
   0.000000e+00 
   0.000000e+00 
   0.000000e+00 
   0.000000e+00 
   0.000000e+00 
   0.000000e+00 
   0.000000e+00 
   0.000000e+00 
   0.000000e+00 
   0.000000e+00 
   0.000000e+00 
   0.000000e+00 
   0.000000e+00 
   0.000000e+00 
   0.000000e+00 
   0.000000e+00 
   0.000000e+00 
   0.000000e+00 
   0.000000e+00 
   0.000000e+00 
   0.000000e+00 
   0.000000e+00 
   0.000000e+00 
   0.000000e+00 
   0.000000e+00 
   0.000000e+00 
   0.000000e+00 
   0.000000e+00 
   0.000000e+00 
   0.000000e+00 
   2.775558e-16 
  -2.625378e-01 
   5.996943e-02 
  -4.269139e-01 
   1.437345e-01 
  -6.369842e-01 
   2.507522e-01 
  -8.931284e-01 
   3.807483e-01 
  -1.195552e+00 
   5.335660e-01 
  -1.544378e+00 
   7.091073e-01 
  -1.939687e+00 
   9.073067e-01 
  -2.381532e+00 
   1.128119e+00 
  -2.869954e+00 
   1.371510e+00 
  -3.404979e+00 
   1.637456e+00 
  -3.986631e+00 
   1.925937e+00 
  -4.614926e+00 
   2.236938e+00 
  -5.289877e+00 
27 Layers
   1.725268e+04 
   3.669618e+03 
   2.864827e+04 
  -1.736586e+04 
   2.507806e+03 
   4.730684e+03 
   1.013636e+05 
  -3.427873e+04 
   1.664745e+04 
   4.329332e+03 
   1.167918e+05 
  -5.741410e+04 
   2.105720e+03 
   5.339328e+03 
   3.901868e+05 
  -9.714775e+04 
   1.620627e+04 
   4.900393e+03 
   3.310429e+05 
  -1.394756e+05 
   1.837444e+03 
   5.865505e+03 
   1.103094e+06 
  -2.171040e+05 
   1.586133e+04 
   5.410817e+03 
   7.585216e+05 
  -2.827730e+05 
   1.643329e+03 
   6.333968e+03 
   2.572054e+06 
  -4.181512e+05 
   1.557931e+04 
   5.876451e+03 
   1.510748e+06 
  -5.088341e+05 
   1.495078e+03 
   6.759262e+03 
   5.255419e+06 
  -7.272566e+05 
   1.534148e+04 
   6.307274e+03 
   2.724184e+06 
  -8.412699e+05 
   1.377403e+03 
   7.150763e+03 
   9.753000e+06 
  -1.174128e+06 
   1.513630e+04 
   6.710040e+03 
   4.560685e+06 
  -1.305608e+06 
   1.281259e+03 
   7.514921e+03 
   1.682019e+07 
  -1.791040e+06 
   1.495620e+04 
   7.089573e+03 
   7.207903e+06 
  -1.929158e+06 
   1.200922e+03 
   7.856390e+03 
   2.738131e+07 
  -2.612692e+06 
   1.479592e+04 
   7.449458e+03 
   1.087963e+07 
  -2.740909e+06 
   1.132574e+03 
   8.178656e+03 
   4.254236e+07 
  -3.676090e+06 
   1.465168e+04 
   7.792443e+03 
   1.581613e+07 
  -3.771432e+06 
   1.073566e+03 
   8.484406e+03 
   6.360319e+07 
  -5.020448e+06 
   1.452070e+04 
   8.120693e+03 
   2.228441e+07 
  -5.052808e+06 
   1.021992e+03 
   8.775764e+03 
   9.206924e+07 
  -6.687097e+06 
   1.440082e+04 
   8.435947e+03 
   3.057848e+07 
  -6.618562e+06 
   9.764480e+02 
   9.054441e+03 
   1.296629e+08 
  -8.719409e+06 
   1.429039e+04 
   8.739626e+03 
   4.101963e+07 
  -8.503599e+06 
   9.358687e+02 
   9.321838e+03 
   1.783343e+08 
  -1.116273e+07 
   1.418808e+04 
   9.032912e+03 
   5.395662e+07 
  -1.074416e+07 
   0.000000e+00 
  -0.000000e+00 
   0.000000e+00 
   0.000000e+00 
   0.000000e+00 
   0.000000e+00 
   0.000000e+00 
   0.000000e+00 
   0.000000e+00 
   0.000000e+00 
   0.000000e+00 
   0.000000e+00 
   0.000000e+00 
   0.000000e+00 
   0.000000e+00 
   0.000000e+00 
   0.000000e+00 
   0.000000e+00 
   0.000000e+00 
   0.000000e+00 
   0.000000e+00 
   0.000000e+00 
   0.000000e+00 
   0.000000e+00 
   0.000000e+00 
   0.000000e+00 
   0.000000e+00 
   0.000000e+00 
   0.000000e+00 
   0.000000e+00 
   0.000000e+00 
   0.000000e+00 
   0.000000e+00 
   0.000000e+00 
   0.000000e+00 
   0.000000e+00 
   0.000000e+00 
   0.000000e+00 
   0.000000e+00 
   0.000000e+00 
   0.000000e+00 
   0.000000e+00 
   0.000000e+00 
   0.000000e+00 
   0.000000e+00 
   0.000000e+00 
   0.000000e+00 
   0.000000e+00 
   0.000000e+00 
   0.000000e+00 
   0.000000e+00 
   0.000000e+00 
   0.000000e+00 
   0.000000e+00 
  -5.551115e-17 
  -2.583185e-01 
   5.747918e-02 
  -4.142546e-01 
   1.369654e-01 
  -6.126023e-01 
   2.379859e-01 
  -8.536946e-01 
   3.602991e-01 
  -1.137713e+00 
   5.037656e-01 
  -1.464769e+00 
   6.682975e-01 
  -1.834932e+00 
   8.538362e-01 
  -2.248252e+00 
   1.060340e+00 
  -2.704765e+00 
   1.287780e+00 
  -3.204495e+00 
   1.536133e+00 
  -3.747463e+00 
   1.805382e+00 
  -4.333684e+00 
   2.095512e+00 
  -4.963171e+00 
   2.406514e+00 
28 Layers
   1.726059e+04 
   3.662530e+03 
   2.831518e+04 
  -1.718616e+04 
   2.522420e+03 
   4.712616e+03 
   9.749118e+04 
  -3.324621e+04 
   1.667096e+04 
   4.301647e+03 
   1.109153e+05 
  -5.493133e+04 
   2.126501e+03 
   5.303874e+03 
   3.632087e+05 
  -9.188388e+04 
   1.623799e+04 
   4.856736e+03 
   3.075863e+05 
  -1.309884e+05 
   1.860145e+03 
   5.816562e+03 
   1.007113e+06 
  -2.022943e+05 
   1.589796e+04 
   5.353897e+03 
   6.950899e+05 
  -2.624577e+05 
   1.666392e+03 
   6.273894e+03 
   2.318268e+06 
  -3.857781e+05 
   1.561911e+04 
   5.808055e+03 
   1.371245e+06 
  -4.684502e+05 
   1.517869e+03 
   6.689636e+03 
   4.693689e+06 
  -6.662192e+05 
   1.538345e+04 
   6.228673e+03 
   2.455383e+06 
  -7.698969e+05 
   1.399657e+03 
   7.072719e+03 
   8.651014e+06 
  -1.069894e+06 
   1.517982e+04 
   6.622190e+03 
   4.088740e+06 
  -1.189405e+06 
   1.302873e+03 
   7.429314e+03 
   1.484038e+07 
  -1.625320e+06 
   1.500084e+04 
   6.993222e+03 
   6.434793e+06 
  -1.751143e+06 
   1.221866e+03 
   7.763890e+03 
   2.405568e+07 
  -2.363137e+06 
   1.484140e+04 
   7.345207e+03 
   9.679557e+06 
  -2.480749e+06 
   1.152858e+03 
   8.079801e+03 
   3.724526e+07 
  -3.316000e+06 
   1.469781e+04 
   7.680792e+03 
   1.403186e+07 
  -3.405248e+06 
   1.093213e+03 
   8.379641e+03 
   5.552223e+07 
  -4.518494e+06 
   1.456731e+04 
   8.002061e+03 
   1.972359e+07 
  -4.552991e+06 
   1.041035e+03 
   8.665462e+03 
   8.017431e+07 
  -6.007061e+06 
   1.444781e+04 
   8.310693e+03 
   2.700991e+07 
  -5.953593e+06 
   9.949198e+02 
   8.938921e+03 
   1.126734e+08 
  -7.819927e+06 
   1.433767e+04 
   8.608061e+03 
   3.616949e+07 
  -7.637883e+06 
   9.538039e+02 
   9.201375e+03 
   1.546848e+08 
  -9.997050e+06 
   1.423559e+04 
   8.895309e+03 
   4.750467e+07 
  -9.637856e+06 
   9.168654e+02 
   9.453955e+03 
   2.080762e+08 
  -1.258006e+07 
   0.000000e+00 
  -0.000000e+00 
   0.000000e+00 
   0.000000e+00 
   0.000000e+00 
   0.000000e+00 
   0.000000e+00 
   0.000000e+00 
   0.000000e+00 
   0.000000e+00 
   0.000000e+00 
   0.000000e+00 
   0.000000e+00 
   0.000000e+00 
   0.000000e+00 
   0.000000e+00 
   0.000000e+00 
   0.000000e+00 
   0.000000e+00 
   0.000000e+00 
   0.000000e+00 
   0.000000e+00 
   0.000000e+00 
   0.000000e+00 
   0.000000e+00 
   0.000000e+00 
   0.000000e+00 
   0.000000e+00 
   0.000000e+00 
   0.000000e+00 
   0.000000e+00 
   0.000000e+00 
   0.000000e+00 
   0.000000e+00 
   0.000000e+00 
   0.000000e+00 
   0.000000e+00 
   0.000000e+00 
   0.000000e+00 
   0.000000e+00 
   0.000000e+00 
   0.000000e+00 
   0.000000e+00 
   0.000000e+00 
   0.000000e+00 
   0.000000e+00 
   0.000000e+00 
   0.000000e+00 
   0.000000e+00 
   0.000000e+00 
   0.000000e+00 
   0.000000e+00 
   0.000000e+00 
   0.000000e+00 
   0.000000e+00 
   0.000000e+00 
  -5.551115e-17 
  -2.544397e-01 
   5.517880e-02 
  -4.027048e-01 
   1.307700e-01 
  -5.904409e-01 
   2.263603e-01 
  -8.179408e-01 
   3.417360e-01 
  -1.085366e+00 
   4.767728e-01 
  -1.392816e+00 
   6.313919e-01 
  -1.740354e+00 
   8.055403e-01 
  -2.128024e+00 
   9.991808e-01 
  -2.555859e+00 
   1.212286e+00 
  -3.023881e+00 
   1.444836e+00 
  -3.532109e+00 
   1.696815e+00 
  -4.080558e+00 
   1.968209e+00 
  -4.669237e+00 
   2.259010e+00 
  -5.298156e+00 
29 Layers
   1.726795e+04 
   3.655937e+03 
   2.800523e+04 
  -1.701898e+04 
   2.536210e+03 
   4.695714e+03 
   9.398522e+04 
  -3.230401e+04 
   1.669314e+04 
   4.275713e+03 
   1.056453e+05 
  -5.268874e+04 
   2.146335e+03 
   5.270573e+03 
   3.394193e+05 
  -8.716966e+04 
   1.626810e+04 
   4.815729e+03 
   2.868961e+05 
  -1.234236e+05 
   1.881952e+03 
   5.770483e+03 
   9.237456e+05 
  -1.891726e+05 
   1.593285e+04 
   5.300343e+03 
   6.397172e+05 
  -2.445010e+05 
   1.688643e+03 
   6.217246e+03 
   2.100023e+06 
  -3.572976e+05 
   1.565713e+04 
   5.743629e+03 
   1.250334e+06 
  -4.329598e+05 
   1.539926e+03 
   6.623908e+03 
   4.214047e+06 
  -6.127919e+05 
   1.542361e+04 
   6.154572e+03 
   2.223627e+06 
  -7.074368e+05 
   1.421245e+03 
   6.998982e+03 
   7.715063e+06 
  -9.790008e+05 
   1.522151e+04 
   6.539316e+03 
   3.683467e+06 
  -1.088041e+06 
   1.323878e+03 
   7.348379e+03 
   1.316582e+07 
  -1.481237e+06 
   1.504367e+04 
   6.902282e+03 
   5.773001e+06 
  -1.596257e+06 
   1.242252e+03 
   7.676390e+03 
   2.125210e+07 
  -2.146676e+06 
   1.488507e+04 
   7.246772e+03 
   8.654912e+06 
  -2.254857e+06 
   1.172624e+03 
   7.986250e+03 
   3.279180e+07 
  -3.004263e+06 
   1.474213e+04 
   7.575332e+03 
   1.251165e+07 
  -3.087842e+06 
   1.112378e+03 
   8.280461e+03 
   4.874362e+07 
  -4.084644e+06 
   1.461213e+04 
   7.889975e+03 
   1.754565e+07 
  -4.120375e+06 
   1.059625e+03 
   8.561009e+03 
   7.021547e+07 
  -5.420091e+06 
   1.449302e+04 
   8.192321e+03 
   2.397950e+07 
  -5.378734e+06 
   1.012966e+03 
   8.829498e+03 
   9.847257e+07 
  -7.044451e+06 
   1.438318e+04 
   8.483699e+03 
   3.205618e+07 
  -6.890269e+06 
   9.713375e+02 
   9.087244e+03 
   1.349453e+08 
  -8.993090e+06 
   1.428133e+04 
   8.765216e+03 
   4.203914e+07 
  -8.683357e+06 
   9.339160e+02 
   9.335346e+03 
   1.812367e+08 
  -1.130285e+07 
   1.418644e+04 
   9.037803e+03 
   5.421255e+07 
  -1.078737e+07 
   0.000000e+00 
  -0.000000e+00 
   0.000000e+00 
   0.000000e+00 
   0.000000e+00 
   0.000000e+00 
   0.000000e+00 
   0.000000e+00 
   0.000000e+00 
   0.000000e+00 
   0.000000e+00 
   0.000000e+00 
   0.000000e+00 
   0.000000e+00 
   0.000000e+00 
   0.000000e+00 
   0.000000e+00 
   0.000000e+00 
   0.000000e+00 
   0.000000e+00 
   0.000000e+00 
   0.000000e+00 
   0.000000e+00 
   0.000000e+00 
   0.000000e+00 
   0.000000e+00 
   0.000000e+00 
   0.000000e+00 
   0.000000e+00 
   0.000000e+00 
   0.000000e+00 
   0.000000e+00 
   0.000000e+00 
   0.000000e+00 
   0.000000e+00 
   0.000000e+00 
   0.000000e+00 
   0.000000e+00 
   0.000000e+00 
   0.000000e+00 
   0.000000e+00 
   0.000000e+00 
   0.000000e+00 
   0.000000e+00 
   0.000000e+00 
   0.000000e+00 
   0.000000e+00 
   0.000000e+00 
   0.000000e+00 
   0.000000e+00 
   0.000000e+00 
   0.000000e+00 
   0.000000e+00 
   0.000000e+00 
   0.000000e+00 
   0.000000e+00 
   0.000000e+00 
   0.000000e+00 
   6.661338e-16 
  -2.508618e-01 
   5.304790e-02 
  -3.921287e-01 
   1.250804e-01 
  -5.702217e-01 
   2.157350e-01 
  -7.853994e-01 
   3.248221e-01 
  -1.037806e+00 
   4.522302e-01 
  -1.327530e+00 
   5.978885e-01 
  -1.654629e+00 
   7.617492e-01 
  -2.019144e+00 
   9.437784e-01 
  -2.421103e+00 
   1.143952e+00 
  -2.860527e+00 
   1.362250e+00 
  -3.337433e+00 
   1.598659e+00 
  -3.851835e+00 
   1.853167e+00 
  -4.403741e+00 
   2.125766e+00 
  -4.993161e+00 
   2.416447e+00 
30 Layers
   1.727481e+04 
   3.649787e+03 
   2.771611e+04 
  -1.686304e+04 
   2.549245e+03 
   4.679868e+03 
   9.079789e+04 
  -3.144106e+04 
   1.671412e+04 
   4.251367e+03 
   1.008974e+05 
  -5.065463e+04 
   2.165286e+03 
   5.239231e+03 
   3.183281e+05 
  -8.292839e+04 
   1.629673e+04 
   4.777133e+03 
   2.685497e+05 
  -1.166491e+05 
   1.902920e+03 
   5.727017e+03 
   8.509020e+05 
  -1.774888e+05 
   1.596614e+04 
   5.249857e+03 
   5.911077e+05 
  -2.285493e+05 
   1.710128e+03 
   6.163730e+03 
   1.911165e+06 
  -3.321119e+05 
   1.569349e+04 
   5.682827e+03 
   1.144928e+06 
  -4.016086e+05 
   1.561289e+03 
   6.561745e+03 
   3.801854e+06 
  -5.657777e+05 
   1.546209e+04 
   6.084581e+03 
   2.022623e+06 
  -6.524884e+05 
   1.442201e+03 
   6.929188e+03 
   6.914909e+06 
  -8.993141e+05 
   1.526152e+04 
   6.460990e+03 
   3.333348e+06 
  -9.991500e+05 
   1.344305e+03 
   7.271721e+03 
   1.174003e+07 
  -1.355283e+06 
   1.508480e+04 
   6.816288e+03 
   5.203051e+06 
  -1.460768e+06 
   1.262105e+03 
   7.593473e+03 
   1.887278e+07 
  -1.957888e+06 
   1.492706e+04 
   7.153652e+03 
   7.774690e+06 
  -2.057658e+06 
   1.191896e+03 
   7.897560e+03 
   2.902233e+07 
  -2.732898e+06 
   1.478477e+04 
   7.475534e+03 
   1.120844e+07 
  -2.811218e+06 
   1.131082e+03 
   8.186402e+03 
   4.301888e+07 
  -3.707578e+06 
   1.465527e+04 
   7.783876e+03 
   1.568187e+07 
  -3.743877e+06 
   1.077785e+03 
   8.461919e+03 
   6.182082e+07 
  -4.910634e+06 
   1.453656e+04 
   8.080244e+03 
   2.139012e+07 
  -4.879051e+06 
   1.030607e+03 
   8.725666e+03 
   8.652161e+07 
  -6.372158e+06 
   1.442703e+04 
   8.365926e+03 
   2.854604e+07 
  -6.241100e+06 
   9.884874e+02 
   8.978921e+03 
   1.183565e+08 
  -8.123587e+06 
   1.432543e+04 
   8.641993e+03 
   3.738034e+07 
  -7.855300e+06 
   9.506026e+02 
   9.222750e+03 
   1.587089e+08 
  -1.019766e+07 
   1.423073e+04 
   8.909349e+03 
   4.814176e+07 
  -9.747806e+06 
   9.163039e+02 
   9.458054e+03 
   2.091170e+08 
  -1.262839e+07 
   0.000000e+00 
  -0.000000e+00 
   0.000000e+00 
   0.000000e+00 
   0.000000e+00 
   0.000000e+00 
   0.000000e+00 
   0.000000e+00 
   0.000000e+00 
   0.000000e+00 
   0.000000e+00 
   0.000000e+00 
   0.000000e+00 
   0.000000e+00 
   0.000000e+00 
   0.000000e+00 
   0.000000e+00 
   0.000000e+00 
   0.000000e+00 
   0.000000e+00 
   0.000000e+00 
   0.000000e+00 
   0.000000e+00 
   0.000000e+00 
   0.000000e+00 
   0.000000e+00 
   0.000000e+00 
   0.000000e+00 
   0.000000e+00 
   0.000000e+00 
   0.000000e+00 
   0.000000e+00 
   0.000000e+00 
   0.000000e+00 
   0.000000e+00 
   0.000000e+00 
   0.000000e+00 
   0.000000e+00 
   0.000000e+00 
   0.000000e+00 
   0.000000e+00 
   0.000000e+00 
   0.000000e+00 
   0.000000e+00 
   0.000000e+00 
   0.000000e+00 
   0.000000e+00 
   0.000000e+00 
   0.000000e+00 
   0.000000e+00 
   0.000000e+00 
   0.000000e+00 
   0.000000e+00 
   0.000000e+00 
   0.000000e+00 
   0.000000e+00 
   0.000000e+00 
   0.000000e+00 
   0.000000e+00 
   0.000000e+00 
  -7.494005e-16 
  -2.475514e-01 
   5.106888e-02 
  -3.824113e-01 
   1.198391e-01 
  -5.517099e-01 
   2.059916e-01 
  -7.556764e-01 
   3.093573e-01 
  -9.944397e-01 
   4.298364e-01 
  -1.268079e+00 
   5.673649e-01 
  -1.576648e+00 
   7.218995e-01 
  -1.920181e+00 
   8.934094e-01 
  -2.298706e+00 
   1.081872e+00 
  -2.712242e+00 
   1.287270e+00 
  -3.160804e+00 
   1.509591e+00 
  -3.644403e+00 
   1.748824e+00 
  -4.163050e+00 
   2.004961e+00 
  -4.716752e+00 
   2.277994e+00 
  -5.305514e+00 
