1 Layers
   1.446742e+04 
   7.778003e+03 
   1.805282e+05 
  -1.163897e+05 
   0.000000e+00 
  -0.000000e+00 
   0.000000e+00 
2 Layers
   1.581361e+04 
   2.563460e+03 
   3.793729e+04 
   3.032289e+03 
   1.012256e+03 
   7.772300e+03 
  -2.265160e+07 
   3.200018e+06 
   0.000000e+00 
  -0.000000e+00 
   0.000000e+00 
   0.000000e+00 
   5.053451e-16 
  -9.788171e+00 
3 Layers
   1.502867e+04 
   3.863267e+03 
   8.378223e+04 
  -2.802135e+04 
   1.543130e+03 
   3.716511e+03 
  -8.622788e+06 
   1.301077e+06 
   1.441113e+04 
   7.029027e+03 
  -1.324181e+07 
   5.505554e+06 
   0.000000e+00 
  -0.000000e+00 
   0.000000e+00 
   0.000000e+00 
   0.000000e+00 
   0.000000e+00 
  -5.026182e-16 
  -1.281340e+00 
  -3.939201e+00 
4 Layers
   1.588717e+04 
   2.322255e+03 
   3.108274e+04 
   8.588594e+03 
   1.327917e+03 
   5.199400e+03 
  -2.676760e+06 
   6.008470e+05 
   1.494700e+04 
   4.406631e+03 
  -5.449927e+06 
   2.039712e+06 
   1.032143e+03 
   7.237250e+03 
  -8.084752e+07 
   7.907025e+06 
   0.000000e+00 
  -0.000000e+00 
   0.000000e+00 
   0.000000e+00 
   0.000000e+00 
   0.000000e+00 
   0.000000e+00 
   0.000000e+00 
   1.506861e-15 
  -3.027731e+00 
   1.101368e+00 
  -1.024790e+01 
5 Layers
   1.534313e+04 
   3.053166e+03 
   5.921556e+04 
  -9.167274e+03 
   1.701445e+03 
   3.258702e+03 
  -1.923585e+06 
   4.281426e+05 
   1.471935e+04 
   5.120484e+03 
  -2.476795e+06 
   1.259455e+06 
   1.309960e+03 
   4.936094e+03 
  -4.086618e+07 
   4.342304e+06 
   1.440921e+04 
   6.782749e+03 
  -1.904493e+07 
   7.407820e+06 
   0.000000e+00 
  -0.000000e+00 
   0.000000e+00 
   0.000000e+00 
   0.000000e+00 
   0.000000e+00 
   0.000000e+00 
   0.000000e+00 
   0.000000e+00 
   0.000000e+00 
  -3.944328e-17 
  -9.431621e-01 
  -9.031142e-01 
  -3.860080e+00 
  -3.159837e+00 
6 Layers
   1.593978e+04 
   2.209537e+03 
   2.746148e+04 
   1.123731e+04 
   1.520766e+03 
   4.256359e+03 
  -9.199440e+05 
   2.699545e+05 
   1.514374e+04 
   3.773648e+03 
  -1.520567e+06 
   7.094681e+05 
   1.207769e+03 
   5.810062e+03 
  -1.797473e+07 
   2.464340e+06 
   1.474348e+04 
   5.062572e+03 
  -1.069052e+07 
   3.883527e+06 
   1.042908e+03 
   7.057342e+03 
  -1.063454e+08 
   9.612003e+06 
   0.000000e+00 
  -0.000000e+00 
   0.000000e+00 
   0.000000e+00 
   0.000000e+00 
   0.000000e+00 
   0.000000e+00 
   0.000000e+00 
   0.000000e+00 
   0.000000e+00 
   0.000000e+00 
   0.000000e+00 
  -6.824233e-16 
  -1.705578e+00 
   4.875637e-01 
  -5.087368e+00 
   8.195164e-01 
  -1.020139e+01 
7 Layers
   1.551920e+04 
   2.715033e+03 
   4.793417e+04 
  -1.169430e+03 
   1.811049e+03 
   3.005426e+03 
  -8.187640e+05 
   2.333559e+05 
   1.493082e+04 
   4.277203e+03 
  -8.867488e+05 
   5.256400e+05 
   1.430744e+03 
   4.349662e+03 
  -1.190958e+07 
   1.702697e+06 
   1.462162e+04 
   5.553768e+03 
  -6.110345e+06 
   2.717735e+06 
   1.230446e+03 
   5.446922e+03 
  -6.532723e+07 
   6.280819e+06 
   1.441299e+04 
   6.680805e+03 
  -2.182937e+07 
   8.210007e+06 
   0.000000e+00 
  -0.000000e+00 
   0.000000e+00 
   0.000000e+00 
   0.000000e+00 
   0.000000e+00 
   0.000000e+00 
   0.000000e+00 
   0.000000e+00 
   0.000000e+00 
   0.000000e+00 
   0.000000e+00 
   0.000000e+00 
   0.000000e+00 
  -3.259802e-18 
  -7.401715e-01 
  -3.245298e-01 
  -2.539677e+00 
  -1.172779e+00 
  -5.284128e+00 
  -2.696804e+00 
8 Layers
   1.597108e+04 
   2.145072e+03 
   2.536267e+04 
   1.275561e+04 
   1.652792e+03 
   3.757758e+03 
  -4.620937e+05 
   1.660800e+05 
   1.527806e+04 
   3.407409e+03 
  -6.547206e+05 
   3.595172e+05 
   1.337369e+03 
   5.029368e+03 
  -6.674063e+06 
   1.149748e+06 
   1.490566e+04 
   4.460469e+03 
  -4.131805e+06 
   1.731848e+06 
   1.163775e+03 
   6.066517e+03 
  -3.534516e+07 
   4.098453e+06 
   1.465483e+04 
   5.398673e+03 
  -1.423764e+07 
   5.096233e+06 
   1.049079e+03 
   6.967816e+03 
  -1.202176e+08 
   1.048486e+07 
   0.000000e+00 
  -0.000000e+00 
   0.000000e+00 
   0.000000e+00 
   0.000000e+00 
   0.000000e+00 
   0.000000e+00 
   0.000000e+00 
   0.000000e+00 
   0.000000e+00 
   0.000000e+00 
   0.000000e+00 
   0.000000e+00 
   0.000000e+00 
   0.000000e+00 
   0.000000e+00 
   1.014011e-15 
  -1.201757e+00 
   2.845468e-01 
  -3.228776e+00 
   4.961296e-01 
  -6.219528e+00 
   5.069635e-01 
  -1.013860e+01 
9 Layers
   1.562868e+04 
   2.530682e+03 
   4.147438e+04 
   3.229601e+03 
   1.891077e+03 
   2.842146e+03 
  -4.573078e+05 
   1.575634e+05 
   1.508299e+04 
   3.794988e+03 
  -4.277502e+05 
   2.901769e+05 
   1.525283e+03 
   3.974663e+03 
  -5.075781e+06 
   8.951489e+05 
   1.478158e+04 
   4.842273e+03 
  -2.725034e+06 
   1.344654e+06 
   1.323603e+03 
   4.909280e+03 
  -2.508152e+07 
   3.024263e+06 
   1.457382e+04 
   5.772851e+03 
  -9.239557e+06 
   3.851491e+06 
   1.190515e+03 
   5.728363e+03 
  -8.242438e+07 
   7.547032e+06 
   1.441634e+04 
   6.625610e+03 
  -2.344709e+07 
   8.648583e+06 
   0.000000e+00 
  -0.000000e+00 
   0.000000e+00 
   0.000000e+00 
   0.000000e+00 
   0.000000e+00 
   0.000000e+00 
   0.000000e+00 
   0.000000e+00 
   0.000000e+00 
   0.000000e+00 
   0.000000e+00 
   0.000000e+00 
   0.000000e+00 
   0.000000e+00 
   0.000000e+00 
   0.000000e+00 
   0.000000e+00 
   1.015337e-15 
  -6.237239e-01 
  -1.416354e-01 
  -1.874149e+00 
  -5.385877e-01 
  -3.725865e+00 
  -1.273055e+00 
  -6.165340e+00 
  -2.409768e+00 
10 Layers
   1.599043e+04 
   2.103889e+03 
   2.403663e+04 
   1.372373e+04 
   1.749649e+03 
   3.447217e+03 
  -2.790306e+05 
   1.192025e+05 
   1.537641e+04 
   3.166037e+03 
  -3.522285e+05 
   2.222158e+05 
   1.438631e+03 
   4.530045e+03 
  -3.248790e+06 
   6.647210e+05 
   1.502786e+04 
   4.061971e+03 
  -2.049686e+06 
   9.587769e+05 
   1.260782e+03 
   5.425035e+03 
  -1.565588e+07 
   2.187010e+06 
   1.478744e+04 
   4.864316e+03 
  -6.712585e+06 
   2.676274e+06 
   1.141062e+03 
   6.208155e+03 
  -5.053725e+07 
   5.365867e+06 
   1.460553e+04 
   5.603072e+03 
  -1.670359e+07 
   5.927608e+06 
   1.053034e+03 
   6.914318e+03 
  -1.288960e+08 
   1.101446e+07 
   0.000000e+00 
  -0.000000e+00 
   0.000000e+00 
   0.000000e+00 
   0.000000e+00 
   0.000000e+00 
   0.000000e+00 
   0.000000e+00 
   0.000000e+00 
   0.000000e+00 
   0.000000e+00 
   0.000000e+00 
   0.000000e+00 
   0.000000e+00 
   0.000000e+00 
   0.000000e+00 
   0.000000e+00 
   0.000000e+00 
   0.000000e+00 
   0.000000e+00 
   4.811274e-15 
  -9.473242e-01 
   1.911527e-01 
  -2.332030e+00 
   3.439327e-01 
  -4.329300e+00 
   3.845514e-01 
  -6.920191e+00 
   2.579246e-01 
  -1.008805e+01 
11 Layers
   1.570219e+04 
   2.415230e+03 
   3.731553e+04 
   5.998699e+03 
   1.952115e+03 
   2.727750e+03 
  -2.946968e+05 
   1.191581e+05 
   1.519798e+04 
   3.480632e+03 
  -2.435168e+05 
   1.879583e+05 
   1.601797e+03 
   3.711052e+03 
  -2.684192e+06 
   5.566951e+05 
   1.490684e+04 
   4.373586e+03 
  -1.470219e+06 
   7.912059e+05 
   1.400964e+03 
   4.530498e+03 
  -1.212199e+07 
   1.738642e+06 
   1.470229e+04 
   5.171529e+03 
  -4.768856e+06 
   2.159940e+06 
   1.265808e+03 
   5.252430e+03 
  -3.789636e+07 
   4.164193e+06 
   1.454550e+04 
   5.905163e+03 
  -1.174562e+07 
   4.710570e+06 
   1.166530e+03 
   5.906683e+03 
  -9.475679e+07 
   8.427780e+06 
   1.441896e+04 
   6.591097e+03 
  -2.450143e+07 
   8.924471e+06 
   0.000000e+00 
  -0.000000e+00 
   0.000000e+00 
   0.000000e+00 
   0.000000e+00 
   0.000000e+00 
   0.000000e+00 
   0.000000e+00 
   0.000000e+00 
   0.000000e+00 
   0.000000e+00 
   0.000000e+00 
   0.000000e+00 
   0.000000e+00 
   0.000000e+00 
   0.000000e+00 
   0.000000e+00 
   0.000000e+00 
   0.000000e+00 
   0.000000e+00 
   0.000000e+00 
   0.000000e+00 
  -2.354656e-17 
  -5.506600e-01 
  -6.737114e-02 
  -1.487600e+00 
  -2.770857e-01 
  -2.839996e+00 
  -6.796594e-01 
  -4.600700e+00 
  -1.315068e+00 
  -6.760816e+00 
  -2.216715e+00 
12 Layers
   1.600295e+04 
   2.075553e+03 
   2.314255e+04 
   1.438754e+04 
   1.824062e+03 
   3.234616e+03 
  -1.870492e+05 
   9.348316e+04 
   1.545192e+04 
   2.994091e+03 
  -2.160861e+05 
   1.550325e+05 
   1.520706e+03 
   4.180631e+03 
  -1.863580e+06 
   4.381746e+05 
   1.512425e+04 
   3.776627e+03 
  -1.184947e+06 
   6.069965e+05 
   1.341326e+03 
   4.971539e+03 
  -8.286474e+06 
   1.341851e+06 
   1.489346e+04 
   4.480762e+03 
  -3.714674e+06 
   1.615045e+06 
   1.218490e+03 
   5.667828e+03 
  -2.552139e+07 
   3.167551e+06 
   1.471669e+04 
   5.130882e+03 
  -8.977778e+06 
   3.474836e+06 
   1.127227e+03 
   6.298087e+03 
  -6.313064e+07 
   6.345984e+06 
   1.457422e+04 
   5.740515e+03 
  -1.849814e+07 
   6.527716e+06 
   1.055776e+03 
   6.878761e+03 
  -1.348281e+08 
   1.136983e+07 
   0.000000e+00 
  -0.000000e+00 
   0.000000e+00 
   0.000000e+00 
   0.000000e+00 
   0.000000e+00 
   0.000000e+00 
   0.000000e+00 
   0.000000e+00 
   0.000000e+00 
   0.000000e+00 
   0.000000e+00 
   0.000000e+00 
   0.000000e+00 
   0.000000e+00 
   0.000000e+00 
   0.000000e+00 
   0.000000e+00 
   0.000000e+00 
   0.000000e+00 
   0.000000e+00 
   0.000000e+00 
   0.000000e+00 
   0.000000e+00 
  -5.706240e-16 
  -7.971009e-01 
   1.395999e-01 
  -1.822084e+00 
   2.578083e-01 
  -3.270473e+00 
   3.072506e-01 
  -5.131047e+00 
   2.525722e-01 
  -7.393559e+00 
   6.471329e-02 
  -1.004894e+01 
13 Layers
   1.575440e+04 
   2.336426e+03 
   3.443014e+04 
   7.894622e+03 
   2.000253e+03 
   2.643105e+03 
  -2.068747e+05 
   9.648399e+04 
   1.528815e+04 
   3.258629e+03 
  -1.534978e+05 
   1.348688e+05 
   1.665287e+03 
   3.514374e+03 
  -1.626885e+06 
   3.854007e+05 
   1.500808e+04 
   4.039596e+03 
  -8.965960e+05 
   5.209013e+05 
   1.466662e+03 
   4.246895e+03 
  -6.799801e+06 
   1.121784e+06 
   1.480785e+04 
   4.740988e+03 
  -2.801366e+06 
   1.361016e+06 
   1.330609e+03 
   4.895381e+03 
  -2.031836e+07 
   2.586295e+06 
   1.465278e+04 
   5.387801e+03 
  -6.717693e+06 
   2.888849e+06 
   1.229577e+03 
   5.484885e+03 
  -4.932999e+07 
   5.110568e+06 
   1.452677e+04 
   5.993764e+03 
  -1.374584e+07 
   5.372902e+06 
   1.150539e+03 
   6.029804e+03 
  -1.039987e+08 
   9.072971e+06 
   1.442098e+04 
   6.567501e+03 
  -2.524223e+07 
   9.113862e+06 
   0.000000e+00 
  -0.000000e+00 
   0.000000e+00 
   0.000000e+00 
   0.000000e+00 
   0.000000e+00 
   0.000000e+00 
   0.000000e+00 
   0.000000e+00 
   0.000000e+00 
   0.000000e+00 
   0.000000e+00 
   0.000000e+00 
   0.000000e+00 
   0.000000e+00 
   0.000000e+00 
   0.000000e+00 
   0.000000e+00 
   0.000000e+00 
   0.000000e+00 
   0.000000e+00 
   0.000000e+00 
   0.000000e+00 
   0.000000e+00 
   0.000000e+00 
   0.000000e+00 
   1.778933e-15 
  -5.012995e-01 
  -3.242528e-02 
  -1.240198e+00 
  -1.513549e-01 
  -2.283096e+00 
  -3.907197e-01 
  -3.625983e+00 
  -7.772413e-01 
  -5.263208e+00 
  -1.333347e+00 
  -7.189186e+00 
  -2.078513e+00 
14 Layers
   1.601137e+04 
   2.054985e+03 
   2.250884e+04 
   1.486749e+04 
   1.883171e+03 
   3.079741e+03 
  -1.338225e+05 
   7.755422e+04 
   1.551190e+04 
   2.865012e+03 
  -1.441808e+05 
   1.172245e+05 
   1.588965e+03 
   3.921301e+03 
  -1.191211e+06 
   3.152140e+05 
   1.520275e+04 
   3.561281e+03 
  -7.586692e+05 
   4.207792e+05 
   1.409782e+03 
   4.631982e+03 
  -4.945692e+06 
   9.049947e+05 
   1.498091e+04 
   4.190536e+03 
  -2.291072e+06 
   1.071450e+06 
   1.285140e+03 
   5.261093e+03 
  -1.460253e+07 
   2.061206e+06 
   1.480910e+04 
   4.773034e+03 
  -5.393508e+06 
   2.243869e+06 
   1.191626e+03 
   5.832535e+03 
  -3.511602e+07 
   4.036233e+06 
   1.466959e+04 
   5.320189e+03 
  -1.090525e+07 
   4.138505e+06 
   1.117925e+03 
   6.360290e+03 
  -7.350249e+07 
   7.117415e+06 
   1.455259e+04 
   5.839275e+03 
  -1.985690e+07 
   6.979681e+06 
   1.057785e+03 
   6.853421e+03 
  -1.391366e+08 
   1.162477e+07 
   0.000000e+00 
  -0.000000e+00 
   0.000000e+00 
   0.000000e+00 
   0.000000e+00 
   0.000000e+00 
   0.000000e+00 
   0.000000e+00 
   0.000000e+00 
   0.000000e+00 
   0.000000e+00 
   0.000000e+00 
   0.000000e+00 
   0.000000e+00 
   0.000000e+00 
   0.000000e+00 
   0.000000e+00 
   0.000000e+00 
   0.000000e+00 
   0.000000e+00 
   0.000000e+00 
   0.000000e+00 
   0.000000e+00 
   0.000000e+00 
   0.000000e+00 
   0.000000e+00 
   0.000000e+00 
   0.000000e+00 
   5.189824e-16 
  -6.991481e-01 
   1.076950e-01 
  -1.499867e+00 
   2.032453e-01 
  -2.610634e+00 
   2.538524e-01 
  -4.024285e+00 
   2.352225e-01 
  -5.734066e+00 
   1.273202e-01 
  -7.733906e+00 
  -8.710436e-02 
  -1.001834e+01 
15 Layers
   1.579311e+04 
   2.279361e+03 
   3.231998e+04 
   9.270113e+03 
   2.039220e+03 
   2.577974e+03 
  -1.535175e+05 
   8.170665e+04 
   1.536086e+04 
   3.093118e+03 
  -1.033843e+05 
   1.038312e+05 
   1.718989e+03 
   3.361440e+03 
  -1.081559e+06 
   2.871330e+05 
   1.509190e+04 
   3.788612e+03 
  -5.949222e+05 
   3.708542e+05 
   1.523409e+03 
   4.025466e+03 
  -4.229626e+06 
   7.844811e+05 
   1.489653e+04 
   4.416076e+03 
  -1.801300e+06 
   9.306103e+05 
   1.387278e+03 
   4.615955e+03 
  -1.213235e+07 
   1.745678e+06 
   1.474378e+04 
   4.996319e+03 
  -4.217576e+06 
   1.925954e+06 
   1.285162e+03 
   5.154293e+03 
  -2.866205e+07 
   3.372466e+06 
   1.461885e+04 
   5.540927e+03 
  -8.478569e+06 
   3.520180e+06 
   1.204719e+03 
   5.652922e+03 
  -5.926031e+07 
   5.893985e+06 
   1.451347e+04 
   6.057257e+03 
  -1.536196e+07 
   5.895501e+06 
   1.139118e+03 
   6.119927e+03 
  -1.111574e+08 
   9.564996e+06 
   1.442258e+04 
   6.550359e+03 
  -2.579096e+07 
   9.251865e+06 
   0.000000e+00 
  -0.000000e+00 
   0.000000e+00 
   0.000000e+00 
   0.000000e+00 
   0.000000e+00 
   0.000000e+00 
   0.000000e+00 
   0.000000e+00 
   0.000000e+00 
   0.000000e+00 
   0.000000e+00 
   0.000000e+00 
   0.000000e+00 
   0.000000e+00 
   0.000000e+00 
   0.000000e+00 
   0.000000e+00 
   0.000000e+00 
   0.000000e+00 
   0.000000e+00 
   0.000000e+00 
   0.000000e+00 
   0.000000e+00 
   0.000000e+00 
   0.000000e+00 
   0.000000e+00 
   0.000000e+00 
   0.000000e+00 
   0.000000e+00 
   5.629305e-16 
  -4.660310e-01 
  -1.435320e-02 
  -1.070509e+00 
  -8.445906e-02 
  -1.907011e+00 
  -2.346430e-01 
  -2.973182e+00 
  -4.838325e-01 
  -4.265240e+00 
  -8.479432e-01 
  -5.779337e+00 
  -1.340838e+00 
  -7.511803e+00 
  -1.974859e+00 
16 Layers
   1.601722e+04 
   2.039437e+03 
   2.204156e+04 
   1.522883e+04 
   1.931333e+03 
   2.961831e+03 
  -9.993812e+04 
   6.684537e+04 
   1.556077e+04 
   2.764371e+03 
  -1.017922e+05 
   9.379987e+04 
   1.646844e+03 
   3.720645e+03 
  -8.212351e+05 
   2.411854e+05 
   1.526818e+04 
   3.392505e+03 
  -5.220569e+05 
   3.112925e+05 
   1.468979e+03 
   4.367201e+03 
  -3.215994e+06 
   6.532650e+05 
   1.505468e+04 
   3.962467e+03 
  -1.527201e+06 
   7.611357e+05 
   1.343456e+03 
   4.942413e+03 
  -9.142032e+06 
   1.439182e+06 
   1.488765e+04 
   4.491371e+03 
  -3.511301e+06 
   1.554243e+06 
   1.248417e+03 
   5.466585e+03 
  -2.141964e+07 
   2.758148e+06 
   1.475108e+04 
   4.988997e+03 
  -6.976927e+06 
   2.817279e+06 
   1.173039e+03 
   5.951775e+03 
  -4.399645e+07 
   4.790638e+06 
   1.463598e+04 
   5.461642e+03 
  -1.253750e+07 
   4.691478e+06 
   1.111246e+03 
   6.405888e+03 
  -8.210385e+07 
   7.737030e+06 
   1.453677e+04 
   5.913671e+03 
  -2.091928e+07 
   7.331741e+06 
   1.059320e+03 
   6.834450e+03 
  -1.424068e+08 
   1.181655e+07 
   0.000000e+00 
  -0.000000e+00 
   0.000000e+00 
   0.000000e+00 
   0.000000e+00 
   0.000000e+00 
   0.000000e+00 
   0.000000e+00 
   0.000000e+00 
   0.000000e+00 
   0.000000e+00 
   0.000000e+00 
   0.000000e+00 
   0.000000e+00 
   0.000000e+00 
   0.000000e+00 
   0.000000e+00 
   0.000000e+00 
   0.000000e+00 
   0.000000e+00 
   0.000000e+00 
   0.000000e+00 
   0.000000e+00 
   0.000000e+00 
   0.000000e+00 
   0.000000e+00 
   0.000000e+00 
   0.000000e+00 
   0.000000e+00 
   0.000000e+00 
   0.000000e+00 
   0.000000e+00 
   1.219874e-15 
  -6.307477e-01 
   8.635019e-02 
  -1.280798e+00 
   1.659617e-01 
  -2.167674e+00 
   2.148164e-01 
  -3.286520e+00 
   2.153431e-01 
  -4.632649e+00 
   1.530402e-01 
  -6.201789e+00 
   1.538592e-02 
  -7.990063e+00 
  -2.087087e-01 
  -9.993921e+00 
17 Layers
   1.582281e+04 
   2.236212e+03 
   3.071467e+04 
   1.031141e+04 
   2.071428e+03 
   2.526345e+03 
  -1.183375e+05 
   7.139029e+04 
   1.542081e+04 
   2.964784e+03 
  -7.277855e+04 
   8.410172e+04 
   1.765109e+03 
   3.238829e+03 
  -7.679703e+05 
   2.255138e+05 
   1.516263e+04 
   3.592627e+03 
  -4.195658e+05 
   2.796050e+05 
   1.573080e+03 
   3.847178e+03 
  -2.836518e+06 
   5.819521e+05 
   1.497235e+04 
   4.161390e+03 
  -1.237606e+06 
   6.758159e+05 
   1.437452e+03 
   4.390407e+03 
  -7.841514e+06 
   1.252974e+06 
   1.482226e+04 
   4.688696e+03 
  -2.836689e+06 
   1.365857e+06 
   1.334755e+03 
   4.887011e+03 
  -1.806236e+07 
   2.369491e+06 
   1.469874e+04 
   5.184481e+03 
  -5.610556e+06 
   2.455660e+06 
   1.253325e+03 
   5.347871e+03 
  -3.666688e+07 
   4.079573e+06 
   1.459411e+04 
   5.655112e+03 
  -1.003870e+07 
   4.063030e+06 
   1.186599e+03 
   5.780117e+03 
  -6.783141e+07 
   6.547362e+06 
   1.450354e+04 
   6.104997e+03 
  -1.668791e+07 
   6.316924e+06 
   1.130554e+03 
   6.188752e+03 
  -1.168557e+08 
   9.952220e+06 
   1.442386e+04 
   6.537344e+03 
  -2.621364e+07 
   9.356873e+06 
   0.000000e+00 
  -0.000000e+00 
   0.000000e+00 
   0.000000e+00 
   0.000000e+00 
   0.000000e+00 
   0.000000e+00 
   0.000000e+00 
   0.000000e+00 
   0.000000e+00 
   0.000000e+00 
   0.000000e+00 
   0.000000e+00 
   0.000000e+00 
   0.000000e+00 
   0.000000e+00 
   0.000000e+00 
   0.000000e+00 
   0.000000e+00 
   0.000000e+00 
   0.000000e+00 
   0.000000e+00 
   0.000000e+00 
   0.000000e+00 
   0.000000e+00 
   0.000000e+00 
   0.000000e+00 
   0.000000e+00 
   0.000000e+00 
   0.000000e+00 
   0.000000e+00 
   0.000000e+00 
   0.000000e+00 
   0.000000e+00 
   7.249773e-16 
  -4.397260e-01 
  -4.406611e-03 
  -9.479780e-01 
  -4.626598e-02 
  -1.639131e+00 
  -1.438998e-01 
  -2.511747e+00 
  -3.113266e-01 
  -3.563189e+00 
  -5.603269e-01 
  -4.790697e+00 
  -9.011832e-01 
  -6.191605e+00 
  -1.343071e+00 
  -7.763389e+00 
  -1.894302e+00 
18 Layers
   1.602140e+04 
   2.027305e+03 
   2.168578e+04 
   1.550966e+04 
   1.971373e+03 
   2.869047e+03 
  -7.683790e+04 
   5.920859e+04 
   1.560139e+04 
   2.683609e+03 
  -7.472721e+04 
   7.823497e+04 
   1.696671e+03 
   3.560481e+03 
  -5.982330e+05 
   1.931161e+05 
   1.532374e+04 
   3.256396e+03 
  -3.788070e+05 
   2.417716e+05 
   1.520858e+03 
   4.154378e+03 
  -2.228876e+06 
   4.961532e+05 
   1.511802e+04 
   3.778063e+03 
  -1.078808e+06 
   5.692779e+05 
   1.395125e+03 
   4.685163e+03 
  -6.123735e+06 
   1.059688e+06 
   1.495556e+04 
   4.263265e+03 
  -2.428375e+06 
   1.135200e+06 
   1.299106e+03 
   5.170301e+03 
  -1.400735e+07 
   1.989959e+06 
   1.482189e+04 
   4.720484e+03 
  -4.748247e+06 
   2.024158e+06 
   1.222494e+03 
   5.620311e+03 
  -2.826740e+07 
   3.406910e+06 
   1.470870e+04 
   5.155238e+03 
  -8.427671e+06 
   3.330194e+06 
   1.159410e+03 
   6.042158e+03 
  -5.204369e+07 
   5.443329e+06 
   1.461079e+04 
   5.571378e+03 
  -1.392561e+07 
   5.156202e+06 
   1.106219e+03 
   6.440753e+03 
  -8.931336e+07 
   8.244179e+06 
   1.452470e+04 
   5.971729e+03 
  -2.177178e+07 
   7.613470e+06 
   1.060531e+03 
   6.819715e+03 
  -1.449731e+08 
   1.196604e+07 
   0.000000e+00 
  -0.000000e+00 
   0.000000e+00 
   0.000000e+00 
   0.000000e+00 
   0.000000e+00 
   0.000000e+00 
   0.000000e+00 
   0.000000e+00 
   0.000000e+00 
   0.000000e+00 
   0.000000e+00 
   0.000000e+00 
   0.000000e+00 
   0.000000e+00 
   0.000000e+00 
   0.000000e+00 
   0.000000e+00 
   0.000000e+00 
   0.000000e+00 
   0.000000e+00 
   0.000000e+00 
   0.000000e+00 
   0.000000e+00 
   0.000000e+00 
   0.000000e+00 
   0.000000e+00 
   0.000000e+00 
   0.000000e+00 
   0.000000e+00 
   0.000000e+00 
   0.000000e+00 
   0.000000e+00 
   0.000000e+00 
   0.000000e+00 
   0.000000e+00 
   8.096562e-16 
  -5.805314e-01 
   7.124448e-02 
  -1.123630e+00 
   1.390726e-01 
  -1.853545e+00 
   1.851234e-01 
  -2.766820e+00 
   1.961677e-01 
  -3.860066e+00 
   1.613048e-01 
  -5.130159e+00 
   7.110590e-02 
  -6.574240e+00 
  -8.279763e-02 
  -8.189683e+00 
  -3.079597e-01 
  -9.974055e+00 
19 Layers
   1.584622e+04 
   2.202486e+03 
   2.945529e+04 
   1.112586e+04 
   2.098507e+03 
   2.484450e+03 
  -9.371116e+04 
   6.381592e+04 
   1.547109e+04 
   2.862270e+03 
  -5.275173e+04 
   7.075634e+04 
   1.805212e+03 
   3.138180e+03 
  -5.725197e+05 
   1.842322e+05 
   1.522323e+04 
   3.435076e+03 
  -3.097055e+05 
   2.201988e+05 
   1.617024e+03 
   3.700191e+03 
  -2.013398e+06 
   4.515114e+05 
   1.503810e+04 
   3.955932e+03 
  -8.942080e+05 
   5.139237e+05 
   1.482317e+03 
   4.203985e+03 
  -5.383716e+06 
   9.426798e+05 
   1.489084e+04 
   4.439970e+03 
  -2.011160e+06 
   1.015716e+06 
   1.379424e+03 
   4.665724e+03 
  -1.211394e+07 
   1.747040e+06 
   1.476897e+04 
   4.895818e+03 
  -3.918847e+06 
   1.797814e+06 
   1.297334e+03 
   5.095013e+03 
  -2.417157e+07 
   2.965209e+06 
   1.466528e+04 
   5.329055e+03 
  -6.930049e+06 
   2.940302e+06 
   1.229759e+03 
   5.498201e+03 
  -4.413136e+07 
   4.708417e+06 
   1.457526e+04 
   5.743566e+03 
  -1.141299e+07 
   4.530643e+06 
   1.172801e+03 
   5.879770e+03 
  -7.524271e+07 
   7.097957e+06 
   1.449585e+04 
   6.142201e+03 
  -1.779218e+07 
   6.663305e+06 
   1.123896e+03 
   6.243033e+03 
  -1.214945e+08 
   1.026473e+07 
   1.442491e+04 
   6.527128e+03 
  -2.654915e+07 
   9.439443e+06 
   0.000000e+00 
  -0.000000e+00 
   0.000000e+00 
   0.000000e+00 
   0.000000e+00 
   0.000000e+00 
   0.000000e+00 
   0.000000e+00 
   0.000000e+00 
   0.000000e+00 
   0.000000e+00 
   0.000000e+00 
   0.000000e+00 
   0.000000e+00 
   0.000000e+00 
   0.000000e+00 
   0.000000e+00 
   0.000000e+00 
   0.000000e+00 
   0.000000e+00 
   0.000000e+00 
   0.000000e+00 
   0.000000e+00 
   0.000000e+00 
   0.000000e+00 
   0.000000e+00 
   0.000000e+00 
   0.000000e+00 
   0.000000e+00 
   0.000000e+00 
   0.000000e+00 
   0.000000e+00 
   0.000000e+00 
   0.000000e+00 
   0.000000e+00 
   0.000000e+00 
   0.000000e+00 
   0.000000e+00 
  -6.000204e-16 
  -4.194342e-01 
   1.291071e-03 
  -8.559272e-01 
  -2.333125e-02 
  -1.440323e+00 
  -8.820402e-02 
  -2.171708e+00 
  -2.040858e-01 
  -3.048182e+00 
  -3.799924e-01 
  -4.067702e+00 
  -6.238012e-01 
  -5.228267e+00 
  -9.425533e-01 
  -6.527972e+00 
  -1.342639e+00 
  -7.965012e+00 
  -1.829923e+00 
20 Layers
   1.602446e+04 
   2.017594e+03 
   2.140763e+04 
   1.573362e+04 
   2.005209e+03 
   2.794131e+03 
  -6.025934e+04 
   5.351595e+04 
   1.563570e+04 
   2.617315e+03 
  -5.636987e+04 
   6.732926e+04 
   1.740096e+03 
   3.429512e+03 
  -4.542310e+05 
   1.600598e+05 
   1.537158e+04 
   3.144149e+03 
  -2.861502e+05 
   1.949608e+05 
   1.566815e+03 
   3.979252e+03 
  -1.622148e+06 
   3.919251e+05 
   1.517315e+04 
   3.625605e+03 
  -7.968816e+05 
   4.431830e+05 
   1.441363e+03 
   4.472645e+03 
  -4.322500e+06 
   8.131878e+05 
   1.501508e+04 
   4.074373e+03 
  -1.760104e+06 
   8.641835e+05 
   1.344784e+03 
   4.924867e+03 
  -9.670671e+06 
   1.497943e+06 
   1.488424e+04 
   4.497889e+03 
  -3.391021e+06 
   1.517029e+06 
   1.267284e+03 
   5.345181e+03 
  -1.919529e+07 
   2.529530e+06 
   1.477296e+04 
   4.901029e+03 
  -5.949391e+06 
   2.467163e+06 
   1.203199e+03 
   5.739778e+03 
  -3.489188e+07 
   3.999966e+06 
   1.467637e+04 
   5.287223e+03 
  -9.740293e+06 
   3.786026e+06 
   1.148987e+03 
   6.113057e+03 
  -5.927432e+07 
   6.009499e+06 
   1.459122e+04 
   5.659001e+03 
  -1.511480e+07 
   5.550750e+06 
   1.102300e+03 
   6.468278e+03 
  -9.542451e+07 
   8.666239e+06 
   1.451519e+04 
   6.018299e+03 
  -2.247056e+07 
   7.843905e+06 
   1.061509e+03 
   6.807940e+03 
  -1.470406e+08 
   1.208585e+07 
   0.000000e+00 
  -0.000000e+00 
   0.000000e+00 
   0.000000e+00 
   0.000000e+00 
   0.000000e+00 
   0.000000e+00 
   0.000000e+00 
   0.000000e+00 
   0.000000e+00 
   0.000000e+00 
   0.000000e+00 
   0.000000e+00 
   0.000000e+00 
   0.000000e+00 
   0.000000e+00 
   0.000000e+00 
   0.000000e+00 
   0.000000e+00 
   0.000000e+00 
   0.000000e+00 
   0.000000e+00 
   0.000000e+00 
   0.000000e+00 
   0.000000e+00 
   0.000000e+00 
   0.000000e+00 
   0.000000e+00 
   0.000000e+00 
   0.000000e+00 
   0.000000e+00 
   0.000000e+00 
   0.000000e+00 
   0.000000e+00 
   0.000000e+00 
   0.000000e+00 
   0.000000e+00 
   0.000000e+00 
   0.000000e+00 
   0.000000e+00 
   4.379377e-16 
  -5.422324e-01 
   6.009143e-02 
  -1.006142e+00 
   1.188812e-01 
  -1.621211e+00 
   1.618528e-01 
  -2.384872e+00 
   1.787193e-01 
  -3.294589e+00 
   1.610337e-01 
  -4.348005e+00 
   1.014853e-01 
  -5.542951e+00 
  -6.425263e-03 
  -6.877421e+00 
  -1.685748e-01 
  -8.349553e+00 
  -3.903421e-01 
  -9.957608e+00 
