EI=1.0e+02 *

   8.803076654293815
   8.803076654293813
   8.803076654293816
   8.803076654293820
   8.803076654293816
   8.803076654293815
   8.803076654293825
   8.803076654293815
   8.803076654293811
   8.803076654293824
   8.803076654293813
   8.803076654293818
   8.803076654293829
   8.803076654293820
   8.803076654293813
   8.803076654293813
   8.803076654293816
   8.803076654293811
   8.803076654293816
   8.803076654293811
   8.803076654293813
   8.803076654293806
   8.803076654293824
   8.803076654293827
   8.803076654293813
   8.803076654293818
   8.803076654293813
   8.803076654293824
   8.803076654293816
   8.803076654293811