r         sigmar      sigmatheta   sigmaz  taurtheta    taurz    tauthetaz
 2.00000  -0.000000  -0.000000   0.663146   0.000000   0.000000   0.000000 
 2.01201  -0.000000  -0.000000   0.667128   0.000000  -0.000000   0.000000 
 2.02402  -0.000000  -0.000000   0.671111   0.000000  -0.000000   0.000000 
 2.03604  -0.000000  -0.000000   0.675094   0.000000  -0.000000   0.000000 
 2.04805  -0.000000  -0.000000   0.679077   0.000000  -0.000000   0.000000 
 2.06006  -0.000000  -0.000000   0.683060   0.000000  -0.000000   0.000000 
 2.07207  -0.000000  -0.000000   0.687043   0.000000  -0.000000   0.000000 
 2.08408  -0.000000  -0.000000   0.691026   0.000000  -0.000000   0.000000 
 2.09610  -0.000000  -0.000000   0.695008   0.000000  -0.000000   0.000000 
 2.10811  -0.000000  -0.000000   0.698991   0.000000  -0.000000   0.000000 
 2.12012  -0.000000  -0.000000   0.702974   0.000000  -0.000000   0.000000 
 2.13213  -0.000000  -0.000000   0.706957   0.000000  -0.000000   0.000000 
 2.14414  -0.000000  -0.000000   0.710940   0.000000  -0.000000   0.000000 
 2.15616  -0.000000  -0.000000   0.714923   0.000000  -0.000000   0.000000 
 2.16817  -0.000000  -0.000000   0.718906   0.000000  -0.000000   0.000000 
 2.18018  -0.000000  -0.000000   0.722888   0.000000  -0.000000   0.000000 
 2.19219  -0.000000  -0.000000   0.726871   0.000000  -0.000000   0.000000 
 2.20420  -0.000000  -0.000000   0.730854   0.000000  -0.000000   0.000000 
 2.21622  -0.000000  -0.000000   0.734837   0.000000  -0.000000   0.000000 
 2.22823  -0.000000  -0.000000   0.738820   0.000000  -0.000000   0.000000 
 2.24024  -0.000000  -0.000000   0.742803   0.000000  -0.000000   0.000000 
 2.25225  -0.000000  -0.000000   0.746786   0.000000  -0.000000   0.000000 
 2.26426  -0.000000  -0.000000   0.750768   0.000000  -0.000000   0.000000 
 2.27628  -0.000000  -0.000000   0.754751   0.000000  -0.000000   0.000000 
 2.28829  -0.000000  -0.000000   0.758734   0.000000  -0.000000   0.000000 
 2.30030  -0.000000  -0.000000   0.762717   0.000000  -0.000000   0.000000 
 2.31231  -0.000000  -0.000000   0.766700   0.000000  -0.000000   0.000000 
 2.32432  -0.000000  -0.000000   0.770683   0.000000  -0.000000   0.000000 
 2.33634  -0.000000  -0.000000   0.774666   0.000000  -0.000000   0.000000 
 2.34835  -0.000000  -0.000000   0.778648   0.000000  -0.000000   0.000000 
 2.36036  -0.000000  -0.000000   0.782631   0.000000  -0.000000   0.000000 
 2.37237  -0.000000  -0.000000   0.786614   0.000000  -0.000000   0.000000 
 2.38438  -0.000000  -0.000000   0.790597   0.000000  -0.000000   0.000000 
 2.39640  -0.000000  -0.000000   0.794580   0.000000  -0.000000   0.000000 
 2.40841  -0.000000  -0.000000   0.798563   0.000000  -0.000000   0.000000 
 2.42042  -0.000000  -0.000000   0.802546   0.000000  -0.000000   0.000000 
 2.43243  -0.000000  -0.000000   0.806528   0.000000  -0.000000   0.000000 
 2.44444  -0.000000  -0.000000   0.810511   0.000000  -0.000000   0.000000 
 2.45646  -0.000000  -0.000000   0.814494   0.000000  -0.000000   0.000000 
 2.46847  -0.000000  -0.000000   0.818477   0.000000  -0.000000   0.000000 
 2.48048  -0.000000  -0.000000   0.822460   0.000000  -0.000000   0.000000 
 2.49249  -0.000000  -0.000000   0.826443   0.000000  -0.000000   0.000000 
 2.50450  -0.000000  -0.000000   0.830426   0.000000  -0.000000   0.000000 
 2.51652  -0.000000  -0.000000   0.834408   0.000000  -0.000000   0.000000 
 2.52853  -0.000000  -0.000000   0.838391   0.000000  -0.000000   0.000000 
 2.54054  -0.000000  -0.000000   0.842374   0.000000  -0.000000   0.000000 
 2.55255  -0.000000  -0.000000   0.846357   0.000000  -0.000000   0.000000 
 2.56456  -0.000000  -0.000000   0.850340   0.000000  -0.000000   0.000000 
 2.57658  -0.000000  -0.000000   0.854323   0.000000  -0.000000   0.000000 
 2.58859  -0.000000  -0.000000   0.858306   0.000000  -0.000000   0.000000 
 2.60060  -0.000000  -0.000000   0.862288   0.000000  -0.000000   0.000000 
 2.61261  -0.000000  -0.000000   0.866271   0.000000  -0.000000   0.000000 
 2.62462  -0.000000  -0.000000   0.870254   0.000000  -0.000000   0.000000 
 2.63664  -0.000000  -0.000000   0.874237   0.000000  -0.000000   0.000000 
 2.64865  -0.000000  -0.000000   0.878220   0.000000  -0.000000   0.000000 
 2.66066  -0.000000  -0.000000   0.882203   0.000000  -0.000000   0.000000 
 2.67267  -0.000000  -0.000000   0.886186   0.000000  -0.000000   0.000000 
 2.68468  -0.000000  -0.000000   0.890168   0.000000  -0.000000   0.000000 
 2.69670  -0.000000  -0.000000   0.894151   0.000000  -0.000000   0.000000 
 2.70871  -0.000000  -0.000000   0.898134   0.000000  -0.000000   0.000000 
 2.72072  -0.000000  -0.000000   0.902117   0.000000  -0.000000   0.000000 
 2.73273  -0.000000  -0.000000   0.906100   0.000000  -0.000000   0.000000 
 2.74474  -0.000000  -0.000000   0.910083   0.000000  -0.000000   0.000000 
 2.75676  -0.000000  -0.000000   0.914066   0.000000  -0.000000   0.000000 
 2.76877  -0.000000  -0.000000   0.918048   0.000000  -0.000000   0.000000 
 2.78078  -0.000000  -0.000000   0.922031   0.000000  -0.000000   0.000000 
 2.79279  -0.000000  -0.000000   0.926014   0.000000  -0.000000   0.000000 
 2.80480  -0.000000  -0.000000   0.929997   0.000000  -0.000000   0.000000 
 2.81682  -0.000000  -0.000000   0.933980   0.000000  -0.000000   0.000000 
 2.82883  -0.000000  -0.000000   0.937963   0.000000  -0.000000   0.000000 
 2.84084  -0.000000  -0.000000   0.941946   0.000000  -0.000000   0.000000 
 2.85285  -0.000000  -0.000000   0.945928   0.000000  -0.000000   0.000000 
 2.86486  -0.000000  -0.000000   0.949911   0.000000  -0.000000   0.000000 
 2.87688  -0.000000  -0.000000   0.953894   0.000000  -0.000000   0.000000 
 2.88889  -0.000000  -0.000000   0.957877   0.000000  -0.000000   0.000000 
 2.90090  -0.000000  -0.000000   0.961860   0.000000  -0.000000   0.000000 
 2.91291  -0.000000  -0.000000   0.965843   0.000000  -0.000000   0.000000 
 2.92492  -0.000000  -0.000000   0.969826   0.000000  -0.000000   0.000000 
 2.93694  -0.000000  -0.000000   0.973808   0.000000  -0.000000   0.000000 
 2.94895  -0.000000  -0.000000   0.977791   0.000000  -0.000000   0.000000 
 2.96096  -0.000000  -0.000000   0.981774   0.000000  -0.000000   0.000000 
 2.97297  -0.000000  -0.000000   0.985757   0.000000  -0.000000   0.000000 
 2.98498  -0.000000  -0.000000   0.989740   0.000000  -0.000000   0.000000 
 2.99700  -0.000000  -0.000000   0.993723   0.000000  -0.000000   0.000000 
 3.00901  -0.000000  -0.000000   0.997706   0.000000  -0.000000   0.000000 
 3.02102  -0.000000  -0.000000   1.001688   0.000000  -0.000000   0.000000 
 3.03303  -0.000000  -0.000000   1.005671   0.000000  -0.000000   0.000000 
 3.04505  -0.000000  -0.000000   1.009654   0.000000  -0.000000   0.000000 
 3.05706  -0.000000  -0.000000   1.013637   0.000000  -0.000000   0.000000 
 3.06907  -0.000000  -0.000000   1.017620   0.000000  -0.000000   0.000000 
 3.08108  -0.000000  -0.000000   1.021603   0.000000  -0.000000   0.000000 
 3.09309  -0.000000  -0.000000   1.025586   0.000000  -0.000000   0.000000 
 3.10511  -0.000000  -0.000000   1.029568   0.000000  -0.000000   0.000000 
 3.11712  -0.000000  -0.000000   1.033551   0.000000  -0.000000   0.000000 
 3.12913  -0.000000  -0.000000   1.037534   0.000000  -0.000000   0.000000 
 3.14114  -0.000000  -0.000000   1.041517   0.000000  -0.000000   0.000000 
 3.15315  -0.000000  -0.000000   1.045500   0.000000  -0.000000   0.000000 
 3.16517  -0.000000  -0.000000   1.049483   0.000000  -0.000000   0.000000 
 3.17718  -0.000000  -0.000000   1.053466   0.000000  -0.000000   0.000000 
 3.18919  -0.000000  -0.000000   1.057448   0.000000  -0.000000   0.000000 
 3.20120  -0.000000  -0.000000   1.061431   0.000000  -0.000000   0.000000 
 3.21321  -0.000000  -0.000000   1.065414   0.000000  -0.000000   0.000000 
 3.22523  -0.000000  -0.000000   1.069397   0.000000  -0.000000   0.000000 
 3.23724  -0.000000  -0.000000   1.073380   0.000000  -0.000000   0.000000 
 3.24925  -0.000000  -0.000000   1.077363   0.000000  -0.000000   0.000000 
 3.26126  -0.000000  -0.000000   1.081346   0.000000  -0.000000   0.000000 
 3.27327  -0.000000  -0.000000   1.085328   0.000000  -0.000000   0.000000 
 3.28529  -0.000000  -0.000000   1.089311   0.000000  -0.000000   0.000000 
 3.29730  -0.000000  -0.000000   1.093294   0.000000  -0.000000   0.000000 
 3.30931  -0.000000  -0.000000   1.097277   0.000000  -0.000000   0.000000 
 3.32132  -0.000000  -0.000000   1.101260   0.000000  -0.000000   0.000000 
 3.33333  -0.000000  -0.000000   1.105243   0.000000  -0.000000   0.000000 
 3.34535  -0.000000  -0.000000   1.109226   0.000000  -0.000000   0.000000 
 3.35736  -0.000000  -0.000000   1.113208   0.000000  -0.000000   0.000000 
 3.36937  -0.000000  -0.000000   1.117191   0.000000  -0.000000   0.000000 
 3.38138  -0.000000  -0.000000   1.121174   0.000000  -0.000000   0.000000 
 3.39339  -0.000000  -0.000000   1.125157   0.000000  -0.000000   0.000000 
 3.40541  -0.000000  -0.000000   1.129140   0.000000  -0.000000   0.000000 
 3.41742  -0.000000  -0.000000   1.133123   0.000000  -0.000000   0.000000 
 3.42943  -0.000000  -0.000000   1.137106   0.000000  -0.000000   0.000000 
 3.44144  -0.000000  -0.000000   1.141088   0.000000  -0.000000   0.000000 
 3.45345  -0.000000  -0.000000   1.145071   0.000000  -0.000000   0.000000 
 3.46547  -0.000000  -0.000000   1.149054   0.000000  -0.000000   0.000000 
 3.47748  -0.000000  -0.000000   1.153037   0.000000  -0.000000   0.000000 
 3.48949  -0.000000  -0.000000   1.157020   0.000000  -0.000000   0.000000 
 3.50150  -0.000000  -0.000000   1.161003   0.000000  -0.000000   0.000000 
 3.51351  -0.000000  -0.000000   1.164986   0.000000  -0.000000   0.000000 
 3.52553  -0.000000  -0.000000   1.168968   0.000000  -0.000000   0.000000 
 3.53754  -0.000000  -0.000000   1.172951   0.000000  -0.000000   0.000000 
 3.54955  -0.000000  -0.000000   1.176934   0.000000  -0.000000   0.000000 
 3.56156  -0.000000  -0.000000   1.180917   0.000000  -0.000000   0.000000 
 3.57357  -0.000000  -0.000000   1.184900   0.000000  -0.000000   0.000000 
 3.58559  -0.000000  -0.000000   1.188883   0.000000  -0.000000   0.000000 
 3.59760  -0.000000  -0.000000   1.192866   0.000000  -0.000000   0.000000 
 3.60961  -0.000000  -0.000000   1.196848   0.000000  -0.000000   0.000000 
 3.62162  -0.000000  -0.000000   1.200831   0.000000  -0.000000   0.000000 
 3.63363  -0.000000  -0.000000   1.204814   0.000000  -0.000000   0.000000 
 3.64565  -0.000000  -0.000000   1.208797   0.000000  -0.000000   0.000000 
 3.65766  -0.000000  -0.000000   1.212780   0.000000  -0.000000   0.000000 
 3.66967  -0.000000  -0.000000   1.216763   0.000000  -0.000000   0.000000 
 3.68168  -0.000000  -0.000000   1.220745   0.000000  -0.000000   0.000000 
 3.69369  -0.000000  -0.000000   1.224728   0.000000  -0.000000   0.000000 
 3.70571  -0.000000  -0.000000   1.228711   0.000000  -0.000000   0.000000 
 3.71772  -0.000000  -0.000000   1.232694   0.000000  -0.000000   0.000000 
 3.72973  -0.000000  -0.000000   1.236677   0.000000  -0.000000   0.000000 
 3.74174  -0.000000  -0.000000   1.240660   0.000000  -0.000000   0.000000 
 3.75375  -0.000000  -0.000000   1.244643   0.000000  -0.000000   0.000000 
 3.76577  -0.000000  -0.000000   1.248625   0.000000  -0.000000   0.000000 
 3.77778  -0.000000  -0.000000   1.252608   0.000000  -0.000000   0.000000 
 3.78979  -0.000000  -0.000000   1.256591   0.000000  -0.000000   0.000000 
 3.80180  -0.000000  -0.000000   1.260574   0.000000  -0.000000   0.000000 
 3.81381  -0.000000  -0.000000   1.264557   0.000000  -0.000000   0.000000 
 3.82583  -0.000000  -0.000000   1.268540   0.000000  -0.000000   0.000000 
 3.83784  -0.000000  -0.000000   1.272523   0.000000  -0.000000   0.000000 
 3.84985  -0.000000  -0.000000   1.276505   0.000000  -0.000000   0.000000 
 3.86186  -0.000000  -0.000000   1.280488   0.000000  -0.000000   0.000000 
 3.87387  -0.000000  -0.000000   1.284471   0.000000  -0.000000   0.000000 
 3.88589  -0.000000  -0.000000   1.288454   0.000000  -0.000000   0.000000 
 3.89790  -0.000000  -0.000000   1.292437   0.000000  -0.000000   0.000000 
 3.90991  -0.000000  -0.000000   1.296420   0.000000  -0.000000   0.000000 
 3.92192  -0.000000  -0.000000   1.300403   0.000000  -0.000000   0.000000 
 3.93393  -0.000000  -0.000000   1.304385   0.000000  -0.000000   0.000000 
 3.94595  -0.000000  -0.000000   1.308368   0.000000  -0.000000   0.000000 
 3.95796  -0.000000  -0.000000   1.312351   0.000000  -0.000000   0.000000 
 3.96997  -0.000000  -0.000000   1.316334   0.000000  -0.000000   0.000000 
 3.98198  -0.000000  -0.000000   1.320317   0.000000  -0.000000   0.000000 
 3.99399  -0.000000  -0.000000   1.324300   0.000000  -0.000000   0.000000 
 4.00601  -0.000000  -0.000000   1.328283   0.000000  -0.000000   0.000000 
 4.01802  -0.000000  -0.000000   1.332265   0.000000  -0.000000   0.000000 
 4.03003  -0.000000  -0.000000   1.336248   0.000000  -0.000000   0.000000 
 4.04204  -0.000000  -0.000000   1.340231   0.000000  -0.000000   0.000000 
 4.05405  -0.000000  -0.000000   1.344214   0.000000  -0.000000   0.000000 
 4.06607  -0.000000  -0.000000   1.348197   0.000000  -0.000000   0.000000 
 4.07808  -0.000000  -0.000000   1.352180   0.000000  -0.000000   0.000000 
 4.09009  -0.000000  -0.000000   1.356163   0.000000  -0.000000   0.000000 
 4.10210  -0.000000  -0.000000   1.360145   0.000000  -0.000000   0.000000 
 4.11411  -0.000000  -0.000000   1.364128   0.000000  -0.000000   0.000000 
 4.12613  -0.000000  -0.000000   1.368111   0.000000  -0.000000   0.000000 
 4.13814  -0.000000  -0.000000   1.372094   0.000000  -0.000000   0.000000 
 4.15015  -0.000000  -0.000000   1.376077   0.000000  -0.000000   0.000000 
 4.16216  -0.000000  -0.000000   1.380060   0.000000  -0.000000   0.000000 
 4.17417  -0.000000  -0.000000   1.384043   0.000000  -0.000000   0.000000 
 4.18619  -0.000000  -0.000000   1.388025   0.000000  -0.000000   0.000000 
 4.19820  -0.000000  -0.000000   1.392008   0.000000  -0.000000   0.000000 
 4.21021  -0.000000  -0.000000   1.395991   0.000000  -0.000000   0.000000 
 4.22222  -0.000000  -0.000000   1.399974   0.000000  -0.000000   0.000000 
 4.23423  -0.000000  -0.000000   1.403957   0.000000  -0.000000   0.000000 
 4.24625  -0.000000  -0.000000   1.407940   0.000000  -0.000000   0.000000 
 4.25826  -0.000000  -0.000000   1.411923   0.000000  -0.000000   0.000000 
 4.27027  -0.000000  -0.000000   1.415905   0.000000  -0.000000   0.000000 
 4.28228  -0.000000  -0.000000   1.419888   0.000000  -0.000000   0.000000 
 4.29429  -0.000000  -0.000000   1.423871   0.000000  -0.000000   0.000000 
 4.30631  -0.000000  -0.000000   1.427854   0.000000  -0.000000   0.000000 
 4.31832  -0.000000  -0.000000   1.431837   0.000000  -0.000000   0.000000 
 4.33033  -0.000000  -0.000000   1.435820   0.000000  -0.000000   0.000000 
 4.34234  -0.000000  -0.000000   1.439803   0.000000  -0.000000   0.000000 
 4.35435  -0.000000  -0.000000   1.443785   0.000000  -0.000000   0.000000 
 4.36637  -0.000000  -0.000000   1.447768   0.000000  -0.000000   0.000000 
 4.37838  -0.000000  -0.000000   1.451751   0.000000  -0.000000   0.000000 
 4.39039  -0.000000  -0.000000   1.455734   0.000000  -0.000000   0.000000 
 4.40240  -0.000000  -0.000000   1.459717   0.000000  -0.000000   0.000000 
 4.41441  -0.000000  -0.000000   1.463700   0.000000  -0.000000   0.000000 
 4.42643  -0.000000  -0.000000   1.467683   0.000000  -0.000000   0.000000 
 4.43844  -0.000000  -0.000000   1.471665   0.000000  -0.000000   0.000000 
 4.45045  -0.000000  -0.000000   1.475648   0.000000  -0.000000   0.000000 
 4.46246  -0.000000  -0.000000   1.479631   0.000000  -0.000000   0.000000 
 4.47447  -0.000000  -0.000000   1.483614   0.000000  -0.000000   0.000000 
 4.48649  -0.000000  -0.000000   1.487597   0.000000  -0.000000   0.000000 
 4.49850  -0.000000  -0.000000   1.491580   0.000000  -0.000000   0.000000 
 4.51051  -0.000000  -0.000000   1.495563   0.000000  -0.000000   0.000000 
 4.52252  -0.000000  -0.000000   1.499545   0.000000  -0.000000   0.000000 
 4.53453  -0.000000  -0.000000   1.503528   0.000000  -0.000000   0.000000 
 4.54655  -0.000000  -0.000000   1.507511   0.000000  -0.000000   0.000000 
 4.55856  -0.000000  -0.000000   1.511494   0.000000  -0.000000   0.000000 
 4.57057  -0.000000  -0.000000   1.515477   0.000000  -0.000000   0.000000 
 4.58258  -0.000000  -0.000000   1.519460   0.000000  -0.000000   0.000000 
 4.59459  -0.000000  -0.000000   1.523443   0.000000  -0.000000   0.000000 
 4.60661  -0.000000  -0.000000   1.527425   0.000000  -0.000000   0.000000 
 4.61862  -0.000000  -0.000000   1.531408   0.000000  -0.000000   0.000000 
 4.63063  -0.000000  -0.000000   1.535391   0.000000  -0.000000   0.000000 
 4.64264  -0.000000  -0.000000   1.539374   0.000000  -0.000000   0.000000 
 4.65465  -0.000000  -0.000000   1.543357   0.000000  -0.000000   0.000000 
 4.66667  -0.000000  -0.000000   1.547340   0.000000  -0.000000   0.000000 
 4.67868  -0.000000  -0.000000   1.551323   0.000000  -0.000000   0.000000 
 4.69069  -0.000000  -0.000000   1.555305   0.000000  -0.000000   0.000000 
 4.70270  -0.000000  -0.000000   1.559288   0.000000  -0.000000   0.000000 
 4.71471  -0.000000  -0.000000   1.563271   0.000000  -0.000000   0.000000 
 4.72673  -0.000000  -0.000000   1.567254   0.000000  -0.000000   0.000000 
 4.73874  -0.000000  -0.000000   1.571237   0.000000  -0.000000   0.000000 
 4.75075  -0.000000  -0.000000   1.575220   0.000000  -0.000000   0.000000 
 4.76276  -0.000000  -0.000000   1.579203   0.000000  -0.000000   0.000000 
 4.77477  -0.000000  -0.000000   1.583185   0.000000  -0.000000   0.000000 
 4.78679  -0.000000  -0.000000   1.587168   0.000000  -0.000000   0.000000 
 4.79880  -0.000000  -0.000000   1.591151   0.000000  -0.000000   0.000000 
 4.81081  -0.000000  -0.000000   1.595134   0.000000  -0.000000   0.000000 
 4.82282  -0.000000  -0.000000   1.599117   0.000000  -0.000000   0.000000 
 4.83483  -0.000000  -0.000000   1.603100   0.000000  -0.000000   0.000000 
 4.84685  -0.000000  -0.000000   1.607083   0.000000  -0.000000   0.000000 
 4.85886  -0.000000  -0.000000   1.611065   0.000000  -0.000000   0.000000 
 4.87087  -0.000000  -0.000000   1.615048   0.000000  -0.000000   0.000000 
 4.88288  -0.000000  -0.000000   1.619031   0.000000  -0.000000   0.000000 
 4.89489  -0.000000  -0.000000   1.623014   0.000000  -0.000000   0.000000 
 4.90691  -0.000000  -0.000000   1.626997   0.000000  -0.000000   0.000000 
 4.91892  -0.000000  -0.000000   1.630980   0.000000  -0.000000   0.000000 
 4.93093  -0.000000  -0.000000   1.634963   0.000000  -0.000000   0.000000 
 4.94294  -0.000000  -0.000000   1.638945   0.000000  -0.000000   0.000000 
 4.95495  -0.000000  -0.000000   1.642928   0.000000  -0.000000   0.000000 
 4.96697  -0.000000  -0.000000   1.646911   0.000000  -0.000000   0.000000 
 4.97898  -0.000000  -0.000000   1.650894   0.000000  -0.000000   0.000000 
 4.99099  -0.000000  -0.000000   1.654877   0.000000  -0.000000   0.000000 
 5.00300  -0.000000  -0.000000   1.658860   0.000000  -0.000000   0.000000 
 5.01502  -0.000000  -0.000000   1.662843   0.000000  -0.000000   0.000000 
 5.02703  -0.000000  -0.000000   1.666825   0.000000  -0.000000   0.000000 
 5.03904  -0.000000  -0.000000   1.670808   0.000000  -0.000000   0.000000 
 5.05105  -0.000000  -0.000000   1.674791   0.000000  -0.000000   0.000000 
 5.06306  -0.000000  -0.000000   1.678774   0.000000  -0.000000   0.000000 
 5.07508  -0.000000  -0.000000   1.682757   0.000000  -0.000000   0.000000 
 5.08709  -0.000000  -0.000000   1.686740   0.000000  -0.000000   0.000000 
 5.09910  -0.000000  -0.000000   1.690723   0.000000  -0.000000   0.000000 
 5.11111  -0.000000  -0.000000   1.694705   0.000000  -0.000000   0.000000 
 5.12312  -0.000000  -0.000000   1.698688   0.000000  -0.000000   0.000000 
 5.13514  -0.000000  -0.000000   1.702671   0.000000  -0.000000   0.000000 
 5.14715  -0.000000  -0.000000   1.706654   0.000000  -0.000000   0.000000 
 5.15916  -0.000000  -0.000000   1.710637   0.000000  -0.000000   0.000000 
 5.17117  -0.000000  -0.000000   1.714620   0.000000  -0.000000   0.000000 
 5.18318  -0.000000  -0.000000   1.718603   0.000000  -0.000000   0.000000 
 5.19520  -0.000000  -0.000000   1.722585   0.000000  -0.000000   0.000000 
 5.20721  -0.000000  -0.000000   1.726568   0.000000  -0.000000   0.000000 
 5.21922  -0.000000  -0.000000   1.730551   0.000000  -0.000000   0.000000 
 5.23123  -0.000000  -0.000000   1.734534   0.000000  -0.000000   0.000000 
 5.24324  -0.000000  -0.000000   1.738517   0.000000  -0.000000   0.000000 
 5.25526  -0.000000  -0.000000   1.742500   0.000000  -0.000000   0.000000 
 5.26727  -0.000000  -0.000000   1.746483   0.000000  -0.000000   0.000000 
 5.27928  -0.000000  -0.000000   1.750465   0.000000  -0.000000   0.000000 
 5.29129  -0.000000  -0.000000   1.754448   0.000000  -0.000000   0.000000 
 5.30330  -0.000000  -0.000000   1.758431   0.000000  -0.000000   0.000000 
 5.31532  -0.000000  -0.000000   1.762414   0.000000  -0.000000   0.000000 
 5.32733  -0.000000  -0.000000   1.766397   0.000000  -0.000000   0.000000 
 5.33934  -0.000000  -0.000000   1.770380   0.000000  -0.000000   0.000000 
 5.35135  -0.000000  -0.000000   1.774363   0.000000  -0.000000   0.000000 
 5.36336  -0.000000  -0.000000   1.778345   0.000000  -0.000000   0.000000 
 5.37538  -0.000000  -0.000000   1.782328   0.000000  -0.000000   0.000000 
 5.38739  -0.000000  -0.000000   1.786311   0.000000  -0.000000   0.000000 
 5.39940  -0.000000  -0.000000   1.790294   0.000000  -0.000000   0.000000 
 5.41141  -0.000000  -0.000000   1.794277   0.000000  -0.000000   0.000000 
 5.42342  -0.000000  -0.000000   1.798260   0.000000  -0.000000   0.000000 
 5.43544  -0.000000  -0.000000   1.802243   0.000000  -0.000000   0.000000 
 5.44745  -0.000000  -0.000000   1.806225   0.000000  -0.000000   0.000000 
 5.45946  -0.000000  -0.000000   1.810208   0.000000  -0.000000   0.000000 
 5.47147  -0.000000  -0.000000   1.814191   0.000000  -0.000000   0.000000 
 5.48348  -0.000000  -0.000000   1.818174   0.000000  -0.000000   0.000000 
 5.49550  -0.000000  -0.000000   1.822157   0.000000  -0.000000   0.000000 
 5.50751  -0.000000  -0.000000   1.826140   0.000000  -0.000000   0.000000 
 5.51952  -0.000000  -0.000000   1.830123   0.000000  -0.000000   0.000000 
 5.53153  -0.000000  -0.000000   1.834105   0.000000  -0.000000   0.000000 
 5.54354  -0.000000  -0.000000   1.838088   0.000000  -0.000000   0.000000 
 5.55556  -0.000000  -0.000000   1.842071   0.000000  -0.000000   0.000000 
 5.56757  -0.000000  -0.000000   1.846054   0.000000  -0.000000   0.000000 
 5.57958  -0.000000  -0.000000   1.850037   0.000000  -0.000000   0.000000 
 5.59159  -0.000000  -0.000000   1.854020   0.000000  -0.000000   0.000000 
 5.60360  -0.000000  -0.000000   1.858003   0.000000  -0.000000   0.000000 
 5.61562  -0.000000  -0.000000   1.861985   0.000000  -0.000000   0.000000 
 5.62763  -0.000000  -0.000000   1.865968   0.000000  -0.000000   0.000000 
 5.63964  -0.000000  -0.000000   1.869951   0.000000  -0.000000   0.000000 
 5.65165  -0.000000  -0.000000   1.873934   0.000000  -0.000000   0.000000 
 5.66366  -0.000000  -0.000000   1.877917   0.000000  -0.000000   0.000000 
 5.67568  -0.000000  -0.000000   1.881900   0.000000  -0.000000   0.000000 
 5.68769  -0.000000  -0.000000   1.885883   0.000000  -0.000000   0.000000 
 5.69970  -0.000000  -0.000000   1.889865   0.000000  -0.000000   0.000000 
 5.71171  -0.000000  -0.000000   1.893848   0.000000  -0.000000   0.000000 
 5.72372  -0.000000  -0.000000   1.897831   0.000000  -0.000000   0.000000 
 5.73574  -0.000000  -0.000000   1.901814   0.000000  -0.000000   0.000000 
 5.74775  -0.000000  -0.000000   1.905797   0.000000  -0.000000   0.000000 
 5.75976  -0.000000  -0.000000   1.909780   0.000000  -0.000000   0.000000 
 5.77177  -0.000000  -0.000000   1.913763   0.000000  -0.000000   0.000000 
 5.78378  -0.000000  -0.000000   1.917745   0.000000  -0.000000   0.000000 
 5.79580  -0.000000  -0.000000   1.921728   0.000000  -0.000000   0.000000 
 5.80781  -0.000000  -0.000000   1.925711   0.000000  -0.000000   0.000000 
 5.81982  -0.000000  -0.000000   1.929694   0.000000  -0.000000   0.000000 
 5.83183  -0.000000  -0.000000   1.933677   0.000000  -0.000000   0.000000 
 5.84384  -0.000000  -0.000000   1.937660   0.000000  -0.000000   0.000000 
 5.85586  -0.000000  -0.000000   1.941643   0.000000  -0.000000   0.000000 
 5.86787  -0.000000  -0.000000   1.945625   0.000000  -0.000000   0.000000 
 5.87988  -0.000000  -0.000000   1.949608   0.000000  -0.000000   0.000000 
 5.89189  -0.000000  -0.000000   1.953591   0.000000  -0.000000   0.000000 
 5.90390  -0.000000  -0.000000   1.957574   0.000000  -0.000000   0.000000 
 5.91592  -0.000000  -0.000000   1.961557   0.000000  -0.000000   0.000000 
 5.92793  -0.000000  -0.000000   1.965540   0.000000  -0.000000   0.000000 
 5.93994  -0.000000  -0.000000   1.969523   0.000000  -0.000000   0.000000 
 5.95195  -0.000000  -0.000000   1.973505   0.000000  -0.000000   0.000000 
 5.96396  -0.000000  -0.000000   1.977488   0.000000  -0.000000   0.000000 
 5.97598  -0.000000  -0.000000   1.981471   0.000000  -0.000000   0.000000 
 5.98799  -0.000000  -0.000000   1.985454   0.000000  -0.000000   0.000000 
 6.00000  -0.000000  -0.000000   1.989437   0.000000  -0.000000   0.000000 
 6.01201  -0.000000  -0.000000   1.993420   0.000000  -0.000000   0.000000 
 6.02402  -0.000000  -0.000000   1.997403   0.000000  -0.000000   0.000000 
 6.03604  -0.000000  -0.000000   2.001385   0.000000  -0.000000   0.000000 
 6.04805  -0.000000  -0.000000   2.005368   0.000000  -0.000000   0.000000 
 6.06006  -0.000000  -0.000000   2.009351   0.000000  -0.000000   0.000000 
 6.07207  -0.000000  -0.000000   2.013334   0.000000  -0.000000   0.000000 
 6.08408  -0.000000  -0.000000   2.017317   0.000000  -0.000000   0.000000 
 6.09610  -0.000000  -0.000000   2.021300   0.000000  -0.000000   0.000000 
 6.10811  -0.000000  -0.000000   2.025282   0.000000  -0.000000   0.000000 
 6.12012  -0.000000  -0.000000   2.029265   0.000000  -0.000000   0.000000 
 6.13213  -0.000000  -0.000000   2.033248   0.000000  -0.000000   0.000000 
 6.14414  -0.000000  -0.000000   2.037231   0.000000  -0.000000   0.000000 
 6.15616  -0.000000  -0.000000   2.041214   0.000000  -0.000000   0.000000 
 6.16817  -0.000000  -0.000000   2.045197   0.000000  -0.000000   0.000000 
 6.18018  -0.000000  -0.000000   2.049180   0.000000  -0.000000   0.000000 
 6.19219  -0.000000  -0.000000   2.053162   0.000000  -0.000000   0.000000 
 6.20420  -0.000000  -0.000000   2.057145   0.000000  -0.000000   0.000000 
 6.21622  -0.000000  -0.000000   2.061128   0.000000  -0.000000   0.000000 
 6.22823  -0.000000  -0.000000   2.065111   0.000000  -0.000000   0.000000 
 6.24024  -0.000000  -0.000000   2.069094   0.000000  -0.000000   0.000000 
 6.25225  -0.000000  -0.000000   2.073077   0.000000  -0.000000   0.000000 
 6.26426  -0.000000  -0.000000   2.077060   0.000000  -0.000000   0.000000 
 6.27628  -0.000000  -0.000000   2.081042   0.000000  -0.000000   0.000000 
 6.28829  -0.000000  -0.000000   2.085025   0.000000  -0.000000   0.000000 
 6.30030  -0.000000  -0.000000   2.089008   0.000000  -0.000000   0.000000 
 6.31231  -0.000000  -0.000000   2.092991   0.000000  -0.000000   0.000000 
 6.32432  -0.000000  -0.000000   2.096974   0.000000  -0.000000   0.000000 
 6.33634  -0.000000  -0.000000   2.100957   0.000000  -0.000000   0.000000 
 6.34835  -0.000000  -0.000000   2.104940   0.000000  -0.000000   0.000000 
 6.36036  -0.000000  -0.000000   2.108922   0.000000  -0.000000   0.000000 
 6.37237  -0.000000  -0.000000   2.112905   0.000000  -0.000000   0.000000 
 6.38438  -0.000000  -0.000000   2.116888   0.000000  -0.000000   0.000000 
 6.39640  -0.000000  -0.000000   2.120871   0.000000  -0.000000   0.000000 
 6.40841  -0.000000  -0.000000   2.124854   0.000000  -0.000000   0.000000 
 6.42042  -0.000000  -0.000000   2.128837   0.000000  -0.000000   0.000000 
 6.43243  -0.000000  -0.000000   2.132820   0.000000  -0.000000   0.000000 
 6.44444  -0.000000  -0.000000   2.136802   0.000000  -0.000000   0.000000 
 6.45646  -0.000000  -0.000000   2.140785   0.000000  -0.000000   0.000000 
 6.46847  -0.000000  -0.000000   2.144768   0.000000  -0.000000   0.000000 
 6.48048  -0.000000  -0.000000   2.148751   0.000000  -0.000000   0.000000 
 6.49249  -0.000000  -0.000000   2.152734   0.000000  -0.000000   0.000000 
 6.50450  -0.000000  -0.000000   2.156717   0.000000  -0.000000   0.000000 
 6.51652  -0.000000  -0.000000   2.160700   0.000000  -0.000000   0.000000 
 6.52853  -0.000000  -0.000000   2.164682   0.000000  -0.000000   0.000000 
 6.54054  -0.000000  -0.000000   2.168665   0.000000  -0.000000   0.000000 
 6.55255  -0.000000  -0.000000   2.172648   0.000000  -0.000000   0.000000 
 6.56456  -0.000000  -0.000000   2.176631   0.000000  -0.000000   0.000000 
 6.57658  -0.000000  -0.000000   2.180614   0.000000  -0.000000   0.000000 
 6.58859  -0.000000  -0.000000   2.184597   0.000000  -0.000000   0.000000 
 6.60060  -0.000000  -0.000000   2.188580   0.000000  -0.000000   0.000000 
 6.61261  -0.000000  -0.000000   2.192562   0.000000  -0.000000   0.000000 
 6.62462  -0.000000  -0.000000   2.196545   0.000000  -0.000000   0.000000 
 6.63664  -0.000000  -0.000000   2.200528   0.000000  -0.000000   0.000000 
 6.64865  -0.000000  -0.000000   2.204511   0.000000  -0.000000   0.000000 
 6.66066  -0.000000  -0.000000   2.208494   0.000000  -0.000000   0.000000 
 6.67267  -0.000000  -0.000000   2.212477   0.000000  -0.000000   0.000000 
 6.68468  -0.000000  -0.000000   2.216460   0.000000  -0.000000   0.000000 
 6.69670  -0.000000  -0.000000   2.220442   0.000000  -0.000000   0.000000 
 6.70871  -0.000000  -0.000000   2.224425   0.000000  -0.000000   0.000000 
 6.72072  -0.000000  -0.000000   2.228408   0.000000  -0.000000   0.000000 
 6.73273  -0.000000  -0.000000   2.232391   0.000000  -0.000000   0.000000 
 6.74474  -0.000000  -0.000000   2.236374   0.000000  -0.000000   0.000000 
 6.75676  -0.000000  -0.000000   2.240357   0.000000  -0.000000   0.000000 
 6.76877  -0.000000  -0.000000   2.244340   0.000000  -0.000000   0.000000 
 6.78078  -0.000000  -0.000000   2.248322   0.000000  -0.000000   0.000000 
 6.79279  -0.000000  -0.000000   2.252305   0.000000  -0.000000   0.000000 
 6.80480  -0.000000  -0.000000   2.256288   0.000000  -0.000000   0.000000 
 6.81682  -0.000000  -0.000000   2.260271   0.000000  -0.000000   0.000000 
 6.82883  -0.000000  -0.000000   2.264254   0.000000  -0.000000   0.000000 
 6.84084  -0.000000  -0.000000   2.268237   0.000000  -0.000000   0.000000 
 6.85285  -0.000000  -0.000000   2.272220   0.000000  -0.000000   0.000000 
 6.86486  -0.000000  -0.000000   2.276202   0.000000  -0.000000   0.000000 
 6.87688  -0.000000  -0.000000   2.280185   0.000000  -0.000000   0.000000 
 6.88889  -0.000000  -0.000000   2.284168   0.000000  -0.000000   0.000000 
 6.90090  -0.000000  -0.000000   2.288151   0.000000  -0.000000   0.000000 
 6.91291  -0.000000  -0.000000   2.292134   0.000000  -0.000000   0.000000 
 6.92492  -0.000000  -0.000000   2.296117   0.000000  -0.000000   0.000000 
 6.93694  -0.000000  -0.000000   2.300100   0.000000  -0.000000   0.000000 
 6.94895  -0.000000  -0.000000   2.304082   0.000000  -0.000000   0.000000 
 6.96096  -0.000000  -0.000000   2.308065   0.000000  -0.000000   0.000000 
 6.97297  -0.000000  -0.000000   2.312048   0.000000  -0.000000   0.000000 
 6.98498  -0.000000  -0.000000   2.316031   0.000000  -0.000000   0.000000 
 6.99700  -0.000000  -0.000000   2.320014   0.000000  -0.000000   0.000000 
 7.00901  -0.000000  -0.000000   2.323997   0.000000  -0.000000   0.000000 
 7.02102  -0.000000  -0.000000   2.327980   0.000000  -0.000000   0.000000 
 7.03303  -0.000000  -0.000000   2.331962   0.000000  -0.000000   0.000000 
 7.04505  -0.000000  -0.000000   2.335945   0.000000  -0.000000   0.000000 
 7.05706  -0.000000  -0.000000   2.339928   0.000000  -0.000000   0.000000 
 7.06907  -0.000000  -0.000000   2.343911   0.000000  -0.000000   0.000000 
 7.08108  -0.000000  -0.000000   2.347894   0.000000  -0.000000   0.000000 
 7.09309  -0.000000  -0.000000   2.351877   0.000000  -0.000000   0.000000 
 7.10511  -0.000000  -0.000000   2.355860   0.000000  -0.000000   0.000000 
 7.11712  -0.000000  -0.000000   2.359842   0.000000  -0.000000   0.000000 
 7.12913  -0.000000  -0.000000   2.363825   0.000000  -0.000000   0.000000 
 7.14114  -0.000000  -0.000000   2.367808   0.000000  -0.000000   0.000000 
 7.15315  -0.000000  -0.000000   2.371791   0.000000  -0.000000   0.000000 
 7.16517  -0.000000  -0.000000   2.375774   0.000000  -0.000000   0.000000 
 7.17718  -0.000000  -0.000000   2.379757   0.000000  -0.000000   0.000000 
 7.18919  -0.000000  -0.000000   2.383740   0.000000  -0.000000   0.000000 
 7.20120  -0.000000  -0.000000   2.387722   0.000000  -0.000000   0.000000 
 7.21321  -0.000000  -0.000000   2.391705   0.000000  -0.000000   0.000000 
 7.22523  -0.000000  -0.000000   2.395688   0.000000  -0.000000   0.000000 
 7.23724  -0.000000  -0.000000   2.399671   0.000000  -0.000000   0.000000 
 7.24925  -0.000000  -0.000000   2.403654   0.000000  -0.000000   0.000000 
 7.26126  -0.000000  -0.000000   2.407637   0.000000  -0.000000   0.000000 
 7.27327  -0.000000  -0.000000   2.411620   0.000000  -0.000000   0.000000 
 7.28529  -0.000000  -0.000000   2.415602   0.000000  -0.000000   0.000000 
 7.29730  -0.000000  -0.000000   2.419585   0.000000  -0.000000   0.000000 
 7.30931  -0.000000  -0.000000   2.423568   0.000000  -0.000000   0.000000 
 7.32132  -0.000000  -0.000000   2.427551   0.000000  -0.000000   0.000000 
 7.33333  -0.000000  -0.000000   2.431534   0.000000  -0.000000   0.000000 
 7.34535  -0.000000  -0.000000   2.435517   0.000000  -0.000000   0.000000 
 7.35736  -0.000000  -0.000000   2.439500   0.000000  -0.000000   0.000000 
 7.36937  -0.000000  -0.000000   2.443482   0.000000  -0.000000   0.000000 
 7.38138  -0.000000  -0.000000   2.447465   0.000000  -0.000000   0.000000 
 7.39339  -0.000000  -0.000000   2.451448   0.000000  -0.000000   0.000000 
 7.40541  -0.000000  -0.000000   2.455431   0.000000  -0.000000   0.000000 
 7.41742  -0.000000  -0.000000   2.459414   0.000000  -0.000000   0.000000 
 7.42943  -0.000000  -0.000000   2.463397   0.000000  -0.000000   0.000000 
 7.44144  -0.000000  -0.000000   2.467380   0.000000  -0.000000   0.000000 
 7.45345  -0.000000  -0.000000   2.471362   0.000000  -0.000000   0.000000 
 7.46547  -0.000000  -0.000000   2.475345   0.000000  -0.000000   0.000000 
 7.47748  -0.000000  -0.000000   2.479328   0.000000  -0.000000   0.000000 
 7.48949  -0.000000  -0.000000   2.483311   0.000000  -0.000000   0.000000 
 7.50150  -0.000000  -0.000000   2.487294   0.000000  -0.000000   0.000000 
 7.51351  -0.000000  -0.000000   2.491277   0.000000  -0.000000   0.000000 
 7.52553  -0.000000  -0.000000   2.495260   0.000000  -0.000000   0.000000 
 7.53754  -0.000000  -0.000000   2.499242   0.000000  -0.000000   0.000000 
 7.54955  -0.000000  -0.000000   2.503225   0.000000  -0.000000   0.000000 
 7.56156  -0.000000  -0.000000   2.507208   0.000000  -0.000000  -0.000000 
 7.57357  -0.000000  -0.000000   2.511191   0.000000  -0.000000  -0.000000 
 7.58559  -0.000000  -0.000000   2.515174   0.000000  -0.000000  -0.000000 
 7.59760  -0.000000  -0.000000   2.519157   0.000000  -0.000000  -0.000000 
 7.60961  -0.000000  -0.000000   2.523140   0.000000  -0.000000  -0.000000 
 7.62162  -0.000000  -0.000000   2.527122   0.000000  -0.000000  -0.000000 
 7.63363  -0.000000  -0.000000   2.531105   0.000000  -0.000000  -0.000000 
 7.64565  -0.000000  -0.000000   2.535088   0.000000  -0.000000  -0.000000 
 7.65766  -0.000000  -0.000000   2.539071   0.000000  -0.000000  -0.000000 
 7.66967  -0.000000  -0.000000   2.543054   0.000000  -0.000000  -0.000000 
 7.68168  -0.000000  -0.000000   2.547037   0.000000  -0.000000  -0.000000 
 7.69369  -0.000000  -0.000000   2.551020   0.000000  -0.000000  -0.000000 
 7.70571  -0.000000  -0.000000   2.555002   0.000000  -0.000000  -0.000000 
 7.71772  -0.000000  -0.000000   2.558985   0.000000  -0.000000  -0.000000 
 7.72973  -0.000000  -0.000000   2.562968   0.000000  -0.000000  -0.000000 
 7.74174  -0.000000  -0.000000   2.566951   0.000000  -0.000000  -0.000000 
 7.75375  -0.000000  -0.000000   2.570934   0.000000  -0.000000  -0.000000 
 7.76577  -0.000000  -0.000000   2.574917   0.000000  -0.000000  -0.000000 
 7.77778  -0.000000  -0.000000   2.578900   0.000000  -0.000000  -0.000000 
 7.78979  -0.000000  -0.000000   2.582882   0.000000  -0.000000  -0.000000 
 7.80180  -0.000000  -0.000000   2.586865   0.000000  -0.000000  -0.000000 
 7.81381  -0.000000  -0.000000   2.590848   0.000000  -0.000000  -0.000000 
 7.82583  -0.000000  -0.000000   2.594831   0.000000  -0.000000  -0.000000 
 7.83784  -0.000000  -0.000000   2.598814   0.000000  -0.000000  -0.000000 
 7.84985  -0.000000  -0.000000   2.602797   0.000000  -0.000000  -0.000000 
 7.86186  -0.000000  -0.000000   2.606780   0.000000  -0.000000  -0.000000 
 7.87387  -0.000000  -0.000000   2.610762   0.000000  -0.000000  -0.000000 
 7.88589  -0.000000  -0.000000   2.614745   0.000000  -0.000000  -0.000000 
 7.89790  -0.000000  -0.000000   2.618728   0.000000  -0.000000  -0.000000 
 7.90991  -0.000000  -0.000000   2.622711   0.000000  -0.000000  -0.000000 
 7.92192  -0.000000  -0.000000   2.626694   0.000000  -0.000000  -0.000000 
 7.93393  -0.000000  -0.000000   2.630677   0.000000  -0.000000  -0.000000 
 7.94595  -0.000000  -0.000000   2.634660   0.000000  -0.000000  -0.000000 
 7.95796  -0.000000  -0.000000   2.638642   0.000000  -0.000000  -0.000000 
 7.96997  -0.000000  -0.000000   2.642625   0.000000  -0.000000  -0.000000 
 7.98198  -0.000000  -0.000000   2.646608   0.000000  -0.000000  -0.000000 
 7.99399  -0.000000  -0.000000   2.650591   0.000000  -0.000000  -0.000000 
 8.00601  -0.000000  -0.000000   2.654574   0.000000  -0.000000  -0.000000 
 8.01802  -0.000000  -0.000000   2.658557   0.000000  -0.000000  -0.000000 
 8.03003  -0.000000  -0.000000   2.662540   0.000000  -0.000000  -0.000000 
 8.04204  -0.000000  -0.000000   2.666522   0.000000  -0.000000  -0.000000 
 8.05405  -0.000000  -0.000000   2.670505   0.000000  -0.000000  -0.000000 
 8.06607  -0.000000  -0.000000   2.674488   0.000000  -0.000000  -0.000000 
 8.07808  -0.000000  -0.000000   2.678471   0.000000  -0.000000  -0.000000 
 8.09009  -0.000000  -0.000000   2.682454   0.000000  -0.000000  -0.000000 
 8.10210  -0.000000  -0.000000   2.686437   0.000000  -0.000000  -0.000000 
 8.11411  -0.000000  -0.000000   2.690420   0.000000  -0.000000  -0.000000 
 8.12613  -0.000000  -0.000000   2.694402   0.000000  -0.000000  -0.000000 
 8.13814  -0.000000  -0.000000   2.698385   0.000000  -0.000000  -0.000000 
 8.15015  -0.000000  -0.000000   2.702368   0.000000  -0.000000  -0.000000 
 8.16216  -0.000000  -0.000000   2.706351   0.000000  -0.000000  -0.000000 
 8.17417  -0.000000  -0.000000   2.710334   0.000000  -0.000000  -0.000000 
 8.18619  -0.000000  -0.000000   2.714317   0.000000  -0.000000  -0.000000 
 8.19820  -0.000000  -0.000000   2.718300   0.000000  -0.000000  -0.000000 
 8.21021  -0.000000  -0.000000   2.722282   0.000000  -0.000000  -0.000000 
 8.22222  -0.000000  -0.000000   2.726265   0.000000  -0.000000  -0.000000 
 8.23423  -0.000000  -0.000000   2.730248   0.000000  -0.000000  -0.000000 
 8.24625  -0.000000  -0.000000   2.734231   0.000000  -0.000000  -0.000000 
 8.25826  -0.000000  -0.000000   2.738214   0.000000  -0.000000  -0.000000 
 8.27027  -0.000000  -0.000000   2.742197   0.000000  -0.000000  -0.000000 
 8.28228  -0.000000  -0.000000   2.746180   0.000000  -0.000000  -0.000000 
 8.29429  -0.000000  -0.000000   2.750162   0.000000  -0.000000  -0.000000 
 8.30631  -0.000000  -0.000000   2.754145   0.000000  -0.000000  -0.000000 
 8.31832  -0.000000  -0.000000   2.758128   0.000000  -0.000000  -0.000000 
 8.33033  -0.000000  -0.000000   2.762111   0.000000  -0.000000  -0.000000 
 8.34234  -0.000000  -0.000000   2.766094   0.000000  -0.000000  -0.000000 
 8.35435  -0.000000  -0.000000   2.770077   0.000000  -0.000000  -0.000000 
 8.36637  -0.000000  -0.000000   2.774060   0.000000  -0.000000  -0.000000 
 8.37838  -0.000000  -0.000000   2.778042   0.000000  -0.000000  -0.000000 
 8.39039  -0.000000  -0.000000   2.782025   0.000000  -0.000000  -0.000000 
 8.40240  -0.000000  -0.000000   2.786008   0.000000  -0.000000  -0.000000 
 8.41441  -0.000000  -0.000000   2.789991   0.000000  -0.000000  -0.000000 
 8.42643  -0.000000  -0.000000   2.793974   0.000000  -0.000000  -0.000000 
 8.43844  -0.000000  -0.000000   2.797957   0.000000  -0.000000  -0.000000 
 8.45045  -0.000000  -0.000000   2.801940   0.000000  -0.000000  -0.000000 
 8.46246  -0.000000  -0.000000   2.805922   0.000000  -0.000000  -0.000000 
 8.47447  -0.000000  -0.000000   2.809905   0.000000  -0.000000  -0.000000 
 8.48649  -0.000000  -0.000000   2.813888   0.000000  -0.000000  -0.000000 
 8.49850  -0.000000  -0.000000   2.817871   0.000000  -0.000000  -0.000000 
 8.51051  -0.000000  -0.000000   2.821854   0.000000  -0.000000  -0.000000 
 8.52252  -0.000000  -0.000000   2.825837   0.000000  -0.000000  -0.000000 
 8.53453  -0.000000  -0.000000   2.829819   0.000000  -0.000000  -0.000000 
 8.54655  -0.000000  -0.000000   2.833802   0.000000  -0.000000  -0.000000 
 8.55856  -0.000000  -0.000000   2.837785   0.000000  -0.000000  -0.000000 
 8.57057  -0.000000  -0.000000   2.841768   0.000000  -0.000000  -0.000000 
 8.58258  -0.000000  -0.000000   2.845751   0.000000  -0.000000  -0.000000 
 8.59459  -0.000000  -0.000000   2.849734   0.000000  -0.000000  -0.000000 
 8.60661  -0.000000  -0.000000   2.853717   0.000000  -0.000000  -0.000000 
 8.61862  -0.000000  -0.000000   2.857699   0.000000  -0.000000  -0.000000 
 8.63063  -0.000000  -0.000000   2.861682   0.000000  -0.000000  -0.000000 
 8.64264  -0.000000  -0.000000   2.865665   0.000000  -0.000000  -0.000000 
 8.65465  -0.000000  -0.000000   2.869648   0.000000  -0.000000  -0.000000 
 8.66667  -0.000000  -0.000000   2.873631   0.000000  -0.000000  -0.000000 
 8.67868  -0.000000  -0.000000   2.877614   0.000000  -0.000000  -0.000000 
 8.69069  -0.000000  -0.000000   2.881597   0.000000  -0.000000  -0.000000 
 8.70270  -0.000000  -0.000000   2.885579   0.000000  -0.000000  -0.000000 
 8.71471  -0.000000  -0.000000   2.889562   0.000000  -0.000000  -0.000000 
 8.72673  -0.000000  -0.000000   2.893545   0.000000  -0.000000  -0.000000 
 8.73874  -0.000000  -0.000000   2.897528   0.000000  -0.000000  -0.000000 
 8.75075  -0.000000  -0.000000   2.901511   0.000000  -0.000000  -0.000000 
 8.76276  -0.000000  -0.000000   2.905494   0.000000  -0.000000  -0.000000 
 8.77477  -0.000000  -0.000000   2.909477   0.000000  -0.000000  -0.000000 
 8.78679  -0.000000  -0.000000   2.913459   0.000000  -0.000000  -0.000000 
 8.79880  -0.000000  -0.000000   2.917442   0.000000  -0.000000  -0.000000 
 8.81081  -0.000000  -0.000000   2.921425   0.000000  -0.000000  -0.000000 
 8.82282  -0.000000  -0.000000   2.925408   0.000000  -0.000000  -0.000000 
 8.83483  -0.000000  -0.000000   2.929391   0.000000  -0.000000  -0.000000 
 8.84685  -0.000000  -0.000000   2.933374   0.000000  -0.000000  -0.000000 
 8.85886  -0.000000  -0.000000   2.937357   0.000000  -0.000000  -0.000000 
 8.87087  -0.000000  -0.000000   2.941339   0.000000  -0.000000  -0.000000 
 8.88288  -0.000000  -0.000000   2.945322   0.000000  -0.000000  -0.000000 
 8.89489  -0.000000  -0.000000   2.949305   0.000000  -0.000000  -0.000000 
 8.90691  -0.000000  -0.000000   2.953288   0.000000  -0.000000  -0.000000 
 8.91892  -0.000000  -0.000000   2.957271   0.000000  -0.000000  -0.000000 
 8.93093  -0.000000  -0.000000   2.961254   0.000000  -0.000000  -0.000000 
 8.94294  -0.000000  -0.000000   2.965237   0.000000  -0.000000  -0.000000 
 8.95495  -0.000000  -0.000000   2.969219   0.000000  -0.000000  -0.000000 
 8.96697  -0.000000  -0.000000   2.973202   0.000000  -0.000000  -0.000000 
 8.97898  -0.000000  -0.000000   2.977185   0.000000  -0.000000  -0.000000 
 8.99099  -0.000000  -0.000000   2.981168   0.000000  -0.000000  -0.000000 
 9.00300  -0.000000  -0.000000   2.985151   0.000000  -0.000000  -0.000000 
 9.01502  -0.000000  -0.000000   2.989134   0.000000  -0.000000  -0.000000 
 9.02703  -0.000000  -0.000000   2.993117   0.000000  -0.000000  -0.000000 
 9.03904  -0.000000  -0.000000   2.997099   0.000000  -0.000000  -0.000000 
 9.05105  -0.000000  -0.000000   3.001082   0.000000  -0.000000  -0.000000 
 9.06306  -0.000000  -0.000000   3.005065   0.000000  -0.000000  -0.000000 
 9.07508  -0.000000  -0.000000   3.009048   0.000000  -0.000000  -0.000000 
 9.08709  -0.000000  -0.000000   3.013031   0.000000  -0.000000  -0.000000 
 9.09910  -0.000000  -0.000000   3.017014   0.000000  -0.000000  -0.000000 
 9.11111  -0.000000  -0.000000   3.020997   0.000000  -0.000000  -0.000000 
 9.12312  -0.000000  -0.000000   3.024979   0.000000  -0.000000  -0.000000 
 9.13514  -0.000000  -0.000000   3.028962   0.000000  -0.000000  -0.000000 
 9.14715  -0.000000  -0.000000   3.032945   0.000000  -0.000000  -0.000000 
 9.15916  -0.000000  -0.000000   3.036928   0.000000  -0.000000  -0.000000 
 9.17117  -0.000000  -0.000000   3.040911   0.000000  -0.000000  -0.000000 
 9.18318  -0.000000  -0.000000   3.044894   0.000000  -0.000000  -0.000000 
 9.19520  -0.000000  -0.000000   3.048877   0.000000  -0.000000  -0.000000 
 9.20721  -0.000000  -0.000000   3.052859   0.000000  -0.000000  -0.000000 
 9.21922  -0.000000  -0.000000   3.056842   0.000000  -0.000000  -0.000000 
 9.23123  -0.000000  -0.000000   3.060825   0.000000  -0.000000  -0.000000 
 9.24324  -0.000000  -0.000000   3.064808   0.000000  -0.000000  -0.000000 
 9.25526  -0.000000  -0.000000   3.068791   0.000000  -0.000000  -0.000000 
 9.26727  -0.000000  -0.000000   3.072774   0.000000  -0.000000  -0.000000 
 9.27928  -0.000000  -0.000000   3.076757   0.000000  -0.000000  -0.000000 
 9.29129  -0.000000  -0.000000   3.080739   0.000000  -0.000000  -0.000000 
 9.30330  -0.000000  -0.000000   3.084722   0.000000  -0.000000  -0.000000 
 9.31532  -0.000000  -0.000000   3.088705   0.000000  -0.000000  -0.000000 
 9.32733  -0.000000  -0.000000   3.092688   0.000000  -0.000000  -0.000000 
 9.33934  -0.000000  -0.000000   3.096671   0.000000  -0.000000  -0.000000 
 9.35135  -0.000000  -0.000000   3.100654   0.000000  -0.000000  -0.000000 
 9.36336  -0.000000  -0.000000   3.104637   0.000000  -0.000000  -0.000000 
 9.37538  -0.000000  -0.000000   3.108619   0.000000  -0.000000  -0.000000 
 9.38739  -0.000000  -0.000000   3.112602   0.000000  -0.000000  -0.000000 
 9.39940  -0.000000  -0.000000   3.116585   0.000000  -0.000000  -0.000000 
 9.41141  -0.000000  -0.000000   3.120568   0.000000  -0.000000  -0.000000 
 9.42342  -0.000000  -0.000000   3.124551   0.000000  -0.000000  -0.000000 
 9.43544  -0.000000  -0.000000   3.128534   0.000000  -0.000000  -0.000000 
 9.44745  -0.000000  -0.000000   3.132517   0.000000  -0.000000  -0.000000 
 9.45946  -0.000000  -0.000000   3.136499   0.000000  -0.000000  -0.000000 
 9.47147  -0.000000  -0.000000   3.140482   0.000000  -0.000000  -0.000000 
 9.48348  -0.000000  -0.000000   3.144465   0.000000  -0.000000  -0.000000 
 9.49550  -0.000000  -0.000000   3.148448   0.000000  -0.000000  -0.000000 
 9.50751  -0.000000  -0.000000   3.152431   0.000000  -0.000000  -0.000000 
 9.51952  -0.000000  -0.000000   3.156414   0.000000  -0.000000  -0.000000 
 9.53153  -0.000000  -0.000000   3.160397   0.000000  -0.000000  -0.000000 
 9.54354  -0.000000  -0.000000   3.164379   0.000000  -0.000000  -0.000000 
 9.55556  -0.000000  -0.000000   3.168362   0.000000  -0.000000  -0.000000 
 9.56757  -0.000000  -0.000000   3.172345   0.000000  -0.000000  -0.000000 
 9.57958  -0.000000  -0.000000   3.176328   0.000000  -0.000000  -0.000000 
 9.59159  -0.000000  -0.000000   3.180311   0.000000  -0.000000  -0.000000 
 9.60360  -0.000000  -0.000000   3.184294   0.000000  -0.000000  -0.000000 
 9.61562  -0.000000  -0.000000   3.188277   0.000000  -0.000000  -0.000000 
 9.62763  -0.000000  -0.000000   3.192259   0.000000  -0.000000  -0.000000 
 9.63964  -0.000000  -0.000000   3.196242   0.000000  -0.000000  -0.000000 
 9.65165  -0.000000  -0.000000   3.200225   0.000000  -0.000000  -0.000000 
 9.66366  -0.000000  -0.000000   3.204208   0.000000  -0.000000  -0.000000 
 9.67568  -0.000000  -0.000000   3.208191   0.000000  -0.000000  -0.000000 
 9.68769  -0.000000  -0.000000   3.212174   0.000000  -0.000000  -0.000000 
 9.69970  -0.000000  -0.000000   3.216157   0.000000  -0.000000  -0.000000 
 9.71171  -0.000000  -0.000000   3.220139   0.000000  -0.000000  -0.000000 
 9.72372  -0.000000  -0.000000   3.224122   0.000000  -0.000000  -0.000000 
 9.73574  -0.000000  -0.000000   3.228105   0.000000  -0.000000  -0.000000 
 9.74775  -0.000000  -0.000000   3.232088   0.000000  -0.000000  -0.000000 
 9.75976  -0.000000  -0.000000   3.236071   0.000000  -0.000000  -0.000000 
 9.77177  -0.000000  -0.000000   3.240054   0.000000  -0.000000  -0.000000 
 9.78378  -0.000000  -0.000000   3.244037   0.000000  -0.000000  -0.000000 
 9.79580  -0.000000  -0.000000   3.248019   0.000000  -0.000000  -0.000000 
 9.80781  -0.000000  -0.000000   3.252002   0.000000  -0.000000  -0.000000 
 9.81982  -0.000000  -0.000000   3.255985   0.000000  -0.000000  -0.000000 
 9.83183  -0.000000  -0.000000   3.259968   0.000000  -0.000000  -0.000000 
 9.84384  -0.000000  -0.000000   3.263951   0.000000  -0.000000  -0.000000 
 9.85586  -0.000000  -0.000000   3.267934   0.000000  -0.000000  -0.000000 
 9.86787  -0.000000  -0.000000   3.271917   0.000000  -0.000000  -0.000000 
 9.87988  -0.000000  -0.000000   3.275899   0.000000  -0.000000  -0.000000 
 9.89189  -0.000000  -0.000000   3.279882   0.000000  -0.000000  -0.000000 
 9.90390  -0.000000  -0.000000   3.283865   0.000000  -0.000000  -0.000000 
 9.91592  -0.000000  -0.000000   3.287848   0.000000  -0.000000  -0.000000 
 9.92793  -0.000000  -0.000000   3.291831   0.000000  -0.000000  -0.000000 
 9.93994  -0.000000  -0.000000   3.295814   0.000000  -0.000000  -0.000000 
 9.95195  -0.000000  -0.000000   3.299797   0.000000  -0.000000  -0.000000 
 9.96396  -0.000000  -0.000000   3.303779   0.000000  -0.000000  -0.000000 
 9.97598  -0.000000  -0.000000   3.307762   0.000000  -0.000000  -0.000000 
 9.98799  -0.000000  -0.000000   3.311745   0.000000  -0.000000  -0.000000 
10.00000  -0.000000  -0.000000   3.315728   0.000000  -0.000000  -0.000000 
10.01201  -0.000000  -0.000000   3.319711   0.000000  -0.000000  -0.000000 
10.02402  -0.000000  -0.000000   3.323694   0.000000  -0.000000  -0.000000 
10.03604  -0.000000  -0.000000   3.327677   0.000000  -0.000000  -0.000000 
10.04805  -0.000000  -0.000000   3.331659   0.000000  -0.000000  -0.000000 
10.06006  -0.000000  -0.000000   3.335642   0.000000  -0.000000  -0.000000 
10.07207  -0.000000  -0.000000   3.339625   0.000000  -0.000000  -0.000000 
10.08408  -0.000000  -0.000000   3.343608   0.000000  -0.000000  -0.000000 
10.09610  -0.000000  -0.000000   3.347591   0.000000  -0.000000  -0.000000 
10.10811  -0.000000  -0.000000   3.351574   0.000000  -0.000000  -0.000000 
10.12012  -0.000000  -0.000000   3.355557   0.000000  -0.000000  -0.000000 
10.13213  -0.000000  -0.000000   3.359539   0.000000  -0.000000  -0.000000 
10.14414  -0.000000  -0.000000   3.363522   0.000000  -0.000000  -0.000000 
10.15616  -0.000000  -0.000000   3.367505   0.000000  -0.000000  -0.000000 
10.16817  -0.000000  -0.000000   3.371488   0.000000  -0.000000  -0.000000 
10.18018  -0.000000  -0.000000   3.375471   0.000000  -0.000000  -0.000000 
10.19219  -0.000000  -0.000000   3.379454   0.000000  -0.000000  -0.000000 
10.20420  -0.000000  -0.000000   3.383437   0.000000  -0.000000  -0.000000 
10.21622  -0.000000  -0.000000   3.387419   0.000000  -0.000000  -0.000000 
10.22823  -0.000000  -0.000000   3.391402   0.000000  -0.000000  -0.000000 
10.24024  -0.000000   0.000000   3.395385   0.000000  -0.000000  -0.000000 
10.25225  -0.000000   0.000000   3.399368   0.000000  -0.000000  -0.000000 
10.26426  -0.000000   0.000000   3.403351   0.000000  -0.000000  -0.000000 
10.27628  -0.000000   0.000000   3.407334   0.000000  -0.000000  -0.000000 
10.28829  -0.000000   0.000000   3.411317   0.000000  -0.000000  -0.000000 
10.30030  -0.000000   0.000000   3.415299   0.000000  -0.000000  -0.000000 
10.31231  -0.000000   0.000000   3.419282   0.000000  -0.000000  -0.000000 
10.32432  -0.000000   0.000000   3.423265   0.000000  -0.000000  -0.000000 
10.33634  -0.000000   0.000000   3.427248   0.000000  -0.000000  -0.000000 
10.34835  -0.000000   0.000000   3.431231   0.000000  -0.000000  -0.000000 
10.36036  -0.000000   0.000000   3.435214   0.000000  -0.000000  -0.000000 
10.37237  -0.000000   0.000000   3.439197   0.000000  -0.000000  -0.000000 
10.38438  -0.000000   0.000000   3.443179   0.000000  -0.000000  -0.000000 
10.39640  -0.000000   0.000000   3.447162   0.000000  -0.000000  -0.000000 
10.40841  -0.000000   0.000000   3.451145   0.000000  -0.000000  -0.000000 
10.42042  -0.000000   0.000000   3.455128   0.000000  -0.000000  -0.000000 
10.43243  -0.000000   0.000000   3.459111   0.000000  -0.000000  -0.000000 
10.44444  -0.000000   0.000000   3.463094   0.000000  -0.000000  -0.000000 
10.45646  -0.000000   0.000000   3.467077   0.000000  -0.000000  -0.000000 
10.46847  -0.000000   0.000000   3.471059   0.000000  -0.000000  -0.000000 
10.48048  -0.000000   0.000000   3.475042   0.000000  -0.000000  -0.000000 
10.49249  -0.000000   0.000000   3.479025   0.000000  -0.000000  -0.000000 
10.50450  -0.000000   0.000000   3.483008   0.000000  -0.000000  -0.000000 
10.51652  -0.000000   0.000000   3.486991   0.000000  -0.000000  -0.000000 
10.52853  -0.000000   0.000000   3.490974   0.000000  -0.000000  -0.000000 
10.54054  -0.000000   0.000000   3.494957   0.000000  -0.000000  -0.000000 
10.55255  -0.000000   0.000000   3.498939   0.000000  -0.000000  -0.000000 
10.56456  -0.000000   0.000000   3.502922   0.000000  -0.000000  -0.000000 
10.57658  -0.000000   0.000000   3.506905   0.000000  -0.000000  -0.000000 
10.58859  -0.000000   0.000000   3.510888   0.000000  -0.000000  -0.000000 
10.60060  -0.000000   0.000000   3.514871   0.000000  -0.000000  -0.000000 
10.61261  -0.000000   0.000000   3.518854   0.000000  -0.000000  -0.000000 
10.62462  -0.000000   0.000000   3.522837   0.000000  -0.000000  -0.000000 
10.63664  -0.000000   0.000000   3.526819   0.000000  -0.000000  -0.000000 
10.64865  -0.000000   0.000000   3.530802   0.000000  -0.000000  -0.000000 
10.66066  -0.000000   0.000000   3.534785   0.000000  -0.000000  -0.000000 
10.67267  -0.000000   0.000000   3.538768   0.000000  -0.000000  -0.000000 
10.68468  -0.000000   0.000000   3.542751   0.000000  -0.000000  -0.000000 
10.69670  -0.000000   0.000000   3.546734   0.000000  -0.000000  -0.000000 
10.70871  -0.000000   0.000000   3.550717   0.000000  -0.000000  -0.000000 
10.72072  -0.000000   0.000000   3.554699   0.000000  -0.000000  -0.000000 
10.73273  -0.000000   0.000000   3.558682   0.000000  -0.000000  -0.000000 
10.74474  -0.000000   0.000000   3.562665   0.000000  -0.000000  -0.000000 
10.75676  -0.000000   0.000000   3.566648   0.000000  -0.000000  -0.000000 
10.76877  -0.000000   0.000000   3.570631   0.000000  -0.000000  -0.000000 
10.78078  -0.000000   0.000000   3.574614   0.000000  -0.000000  -0.000000 
10.79279  -0.000000   0.000000   3.578597   0.000000  -0.000000  -0.000000 
10.80480  -0.000000   0.000000   3.582579   0.000000  -0.000000  -0.000000 
10.81682  -0.000000   0.000000   3.586562   0.000000  -0.000000  -0.000000 
10.82883  -0.000000   0.000000   3.590545   0.000000  -0.000000  -0.000000 
10.84084  -0.000000   0.000000   3.594528   0.000000  -0.000000  -0.000000 
10.85285  -0.000000   0.000000   3.598511   0.000000  -0.000000  -0.000000 
10.86486  -0.000000   0.000000   3.602494   0.000000  -0.000000  -0.000000 
10.87688  -0.000000   0.000000   3.606477   0.000000  -0.000000  -0.000000 
10.88889  -0.000000   0.000000   3.610459   0.000000  -0.000000  -0.000000 
10.90090  -0.000000   0.000000   3.614442   0.000000  -0.000000  -0.000000 
10.91291  -0.000000   0.000000   3.618425   0.000000  -0.000000  -0.000000 
10.92492  -0.000000   0.000000   3.622408   0.000000  -0.000000  -0.000000 
10.93694  -0.000000   0.000000   3.626391   0.000000  -0.000000  -0.000000 
10.94895  -0.000000   0.000000   3.630374   0.000000  -0.000000  -0.000000 
10.96096  -0.000000   0.000000   3.634356   0.000000  -0.000000  -0.000000 
10.97297  -0.000000   0.000000   3.638339   0.000000  -0.000000  -0.000000 
10.98498  -0.000000   0.000000   3.642322   0.000000  -0.000000  -0.000000 
10.99700  -0.000000   0.000000   3.646305   0.000000  -0.000000  -0.000000 
11.00901  -0.000000   0.000000   3.650288   0.000000  -0.000000  -0.000000 
11.02102  -0.000000   0.000000   3.654271   0.000000  -0.000000  -0.000000 
11.03303  -0.000000   0.000000   3.658254   0.000000  -0.000000  -0.000000 
11.04505  -0.000000   0.000000   3.662236   0.000000  -0.000000  -0.000000 
11.05706  -0.000000   0.000000   3.666219   0.000000  -0.000000  -0.000000 
11.06907  -0.000000   0.000000   3.670202   0.000000  -0.000000  -0.000000 
11.08108  -0.000000   0.000000   3.674185   0.000000  -0.000000  -0.000000 
11.09309  -0.000000   0.000000   3.678168   0.000000  -0.000000  -0.000000 
11.10511  -0.000000   0.000000   3.682151   0.000000  -0.000000  -0.000000 
11.11712  -0.000000   0.000000   3.686134   0.000000  -0.000000  -0.000000 
11.12913  -0.000000   0.000000   3.690116   0.000000  -0.000000  -0.000000 
11.14114  -0.000000   0.000000   3.694099   0.000000  -0.000000  -0.000000 
11.15315  -0.000000   0.000000   3.698082   0.000000  -0.000000  -0.000000 
11.16517  -0.000000   0.000000   3.702065   0.000000  -0.000000  -0.000000 
11.17718  -0.000000   0.000000   3.706048   0.000000  -0.000000  -0.000000 
11.18919  -0.000000   0.000000   3.710031   0.000000  -0.000000  -0.000000 
11.20120  -0.000000   0.000000   3.714014   0.000000  -0.000000  -0.000000 
11.21321  -0.000000   0.000000   3.717996   0.000000  -0.000000  -0.000000 
11.22523  -0.000000   0.000000   3.721979   0.000000  -0.000000  -0.000000 
11.23724  -0.000000   0.000000   3.725962   0.000000  -0.000000  -0.000000 
11.24925  -0.000000   0.000000   3.729945   0.000000  -0.000000  -0.000000 
11.26126  -0.000000   0.000000   3.733928   0.000000  -0.000000  -0.000000 
11.27327  -0.000000   0.000000   3.737911   0.000000  -0.000000  -0.000000 
11.28529  -0.000000   0.000000   3.741894   0.000000  -0.000000  -0.000000 
11.29730  -0.000000   0.000000   3.745876   0.000000  -0.000000  -0.000000 
11.30931  -0.000000   0.000000   3.749859   0.000000  -0.000000  -0.000000 
11.32132  -0.000000   0.000000   3.753842   0.000000  -0.000000  -0.000000 
11.33333  -0.000000   0.000000   3.757825   0.000000  -0.000000  -0.000000 
11.34535  -0.000000   0.000000   3.761808   0.000000  -0.000000  -0.000000 
11.35736  -0.000000   0.000000   3.765791   0.000000  -0.000000  -0.000000 
11.36937  -0.000000   0.000000   3.769774   0.000000  -0.000000  -0.000000 
11.38138  -0.000000   0.000000   3.773756   0.000000  -0.000000  -0.000000 
11.39339  -0.000000   0.000000   3.777739   0.000000  -0.000000  -0.000000 
11.40541  -0.000000   0.000000   3.781722   0.000000  -0.000000  -0.000000 
11.41742  -0.000000   0.000000   3.785705   0.000000  -0.000000  -0.000000 
11.42943  -0.000000   0.000000   3.789688   0.000000  -0.000000  -0.000000 
11.44144  -0.000000   0.000000   3.793671   0.000000  -0.000000  -0.000000 
11.45345  -0.000000   0.000000   3.797654   0.000000  -0.000000  -0.000000 
11.46547  -0.000000   0.000000   3.801636   0.000000  -0.000000  -0.000000 
11.47748  -0.000000   0.000000   3.805619   0.000000  -0.000000  -0.000000 
11.48949  -0.000000   0.000000   3.809602   0.000000  -0.000000  -0.000000 
11.50150  -0.000000   0.000000   3.813585   0.000000  -0.000000  -0.000000 
11.51351  -0.000000   0.000000   3.817568   0.000000  -0.000000  -0.000000 
11.52553  -0.000000   0.000000   3.821551   0.000000  -0.000000  -0.000000 
11.53754  -0.000000   0.000000   3.825534   0.000000  -0.000000  -0.000000 
11.54955  -0.000000   0.000000   3.829516   0.000000  -0.000000  -0.000000 
11.56156  -0.000000   0.000000   3.833499   0.000000  -0.000000  -0.000000 
11.57357  -0.000000   0.000000   3.837482   0.000000  -0.000000  -0.000000 
11.58559  -0.000000   0.000000   3.841465   0.000000  -0.000000  -0.000000 
11.59760  -0.000000   0.000000   3.845448   0.000000  -0.000000  -0.000000 
11.60961  -0.000000   0.000000   3.849431   0.000000  -0.000000  -0.000000 
11.62162  -0.000000   0.000000   3.853414   0.000000  -0.000000  -0.000000 
11.63363  -0.000000   0.000000   3.857396   0.000000  -0.000000  -0.000000 
11.64565  -0.000000   0.000000   3.861379   0.000000  -0.000000  -0.000000 
11.65766  -0.000000   0.000000   3.865362   0.000000  -0.000000  -0.000000 
11.66967  -0.000000   0.000000   3.869345   0.000000  -0.000000  -0.000000 
11.68168  -0.000000   0.000000   3.873328   0.000000  -0.000000  -0.000000 
11.69369  -0.000000   0.000000   3.877311   0.000000  -0.000000  -0.000000 
11.70571  -0.000000   0.000000   3.881294   0.000000  -0.000000  -0.000000 
11.71772  -0.000000   0.000000   3.885276   0.000000  -0.000000  -0.000000 
11.72973  -0.000000   0.000000   3.889259   0.000000  -0.000000  -0.000000 
11.74174  -0.000000   0.000000   3.893242   0.000000  -0.000000  -0.000000 
11.75375  -0.000000   0.000000   3.897225   0.000000  -0.000000  -0.000000 
11.76577  -0.000000   0.000000   3.901208   0.000000  -0.000000  -0.000000 
11.77778  -0.000000   0.000000   3.905191   0.000000  -0.000000  -0.000000 
11.78979  -0.000000   0.000000   3.909174   0.000000  -0.000000  -0.000000 
11.80180  -0.000000   0.000000   3.913156   0.000000  -0.000000  -0.000000 
11.81381  -0.000000   0.000000   3.917139   0.000000  -0.000000  -0.000000 
11.82583  -0.000000   0.000000   3.921122   0.000000  -0.000000  -0.000000 
11.83784  -0.000000   0.000000   3.925105   0.000000  -0.000000  -0.000000 
11.84985  -0.000000   0.000000   3.929088   0.000000  -0.000000  -0.000000 
11.86186  -0.000000   0.000000   3.933071   0.000000  -0.000000  -0.000000 
11.87387  -0.000000   0.000000   3.937054   0.000000  -0.000000  -0.000000 
11.88589  -0.000000   0.000000   3.941036   0.000000  -0.000000  -0.000000 
11.89790  -0.000000   0.000000   3.945019   0.000000  -0.000000  -0.000000 
11.90991  -0.000000   0.000000   3.949002   0.000000  -0.000000  -0.000000 
11.92192  -0.000000   0.000000   3.952985   0.000000  -0.000000  -0.000000 
11.93393  -0.000000   0.000000   3.956968   0.000000  -0.000000  -0.000000 
11.94595  -0.000000   0.000000   3.960951   0.000000  -0.000000  -0.000000 
11.95796  -0.000000   0.000000   3.964934   0.000000  -0.000000  -0.000000 
11.96997  -0.000000   0.000000   3.968916   0.000000  -0.000000  -0.000000 
11.98198  -0.000000   0.000000   3.972899   0.000000  -0.000000  -0.000000 
11.99399  -0.000000   0.000000   3.976882   0.000000  -0.000000  -0.000000 
12.00601  -0.000000   0.000000   3.980865   0.000000  -0.000000  -0.000000 
12.01802  -0.000000   0.000000   3.984848   0.000000  -0.000000  -0.000000 
12.03003  -0.000000   0.000000   3.988831   0.000000  -0.000000  -0.000000 
12.04204  -0.000000   0.000000   3.992814   0.000000  -0.000000  -0.000000 
12.05405  -0.000000   0.000000   3.996796   0.000000  -0.000000  -0.000000 
12.06607  -0.000000   0.000000   4.000779   0.000000  -0.000000  -0.000000 
12.07808  -0.000000   0.000000   4.004762   0.000000  -0.000000  -0.000000 
12.09009  -0.000000   0.000000   4.008745   0.000000  -0.000000  -0.000000 
12.10210  -0.000000   0.000000   4.012728   0.000000  -0.000000  -0.000000 
12.11411  -0.000000   0.000000   4.016711   0.000000  -0.000000  -0.000000 
12.12613  -0.000000   0.000000   4.020694   0.000000  -0.000000  -0.000000 
12.13814  -0.000000   0.000000   4.024676   0.000000  -0.000000  -0.000000 
12.15015  -0.000000   0.000000   4.028659   0.000000  -0.000000  -0.000000 
12.16216  -0.000000   0.000000   4.032642   0.000000  -0.000000  -0.000000 
12.17417  -0.000000   0.000000   4.036625   0.000000  -0.000000  -0.000000 
12.18619  -0.000000   0.000000   4.040608   0.000000  -0.000000  -0.000000 
12.19820  -0.000000   0.000000   4.044591   0.000000  -0.000000  -0.000000 
12.21021  -0.000000   0.000000   4.048574   0.000000  -0.000000  -0.000000 
12.22222  -0.000000   0.000000   4.052556   0.000000  -0.000000  -0.000000 
12.23423  -0.000000   0.000000   4.056539   0.000000  -0.000000  -0.000000 
12.24625  -0.000000   0.000000   4.060522   0.000000  -0.000000  -0.000000 
12.25826  -0.000000   0.000000   4.064505   0.000000  -0.000000  -0.000000 
12.27027  -0.000000   0.000000   4.068488   0.000000  -0.000000  -0.000000 
12.28228  -0.000000   0.000000   4.072471   0.000000  -0.000000  -0.000000 
12.29429  -0.000000   0.000000   4.076454   0.000000  -0.000000  -0.000000 
12.30631  -0.000000   0.000000   4.080436   0.000000  -0.000000  -0.000000 
12.31832  -0.000000   0.000000   4.084419   0.000000  -0.000000  -0.000000 
12.33033  -0.000000   0.000000   4.088402   0.000000  -0.000000  -0.000000 
12.34234  -0.000000   0.000000   4.092385   0.000000  -0.000000  -0.000000 
12.35435  -0.000000   0.000000   4.096368   0.000000  -0.000000  -0.000000 
12.36637  -0.000000   0.000000   4.100351   0.000000  -0.000000  -0.000000 
12.37838  -0.000000   0.000000   4.104334   0.000000  -0.000000  -0.000000 
12.39039  -0.000000   0.000000   4.108316   0.000000  -0.000000  -0.000000 
12.40240  -0.000000   0.000000   4.112299   0.000000  -0.000000  -0.000000 
12.41441  -0.000000   0.000000   4.116282   0.000000  -0.000000  -0.000000 
12.42643  -0.000000   0.000000   4.120265   0.000000  -0.000000  -0.000000 
12.43844  -0.000000   0.000000   4.124248   0.000000  -0.000000  -0.000000 
12.45045  -0.000000   0.000000   4.128231   0.000000  -0.000000  -0.000000 
12.46246  -0.000000   0.000000   4.132214   0.000000  -0.000000  -0.000000 
12.47447  -0.000000   0.000000   4.136196   0.000000  -0.000000  -0.000000 
12.48649  -0.000000   0.000000   4.140179   0.000000  -0.000000  -0.000000 
12.49850  -0.000000   0.000000   4.144162   0.000000  -0.000000  -0.000000 
12.51051  -0.000000   0.000000   4.148145   0.000000  -0.000000  -0.000000 
12.52252  -0.000000   0.000000   4.152128   0.000000  -0.000000  -0.000000 
12.53453  -0.000000   0.000000   4.156111   0.000000  -0.000000  -0.000000 
12.54655  -0.000000   0.000000   4.160094   0.000000  -0.000000  -0.000000 
12.55856  -0.000000   0.000000   4.164076   0.000000  -0.000000  -0.000000 
12.57057  -0.000000   0.000000   4.168059   0.000000  -0.000000  -0.000000 
12.58258  -0.000000   0.000000   4.172042   0.000000  -0.000000  -0.000000 
12.59459  -0.000000   0.000000   4.176025   0.000000  -0.000000  -0.000000 
12.60661  -0.000000   0.000000   4.180008   0.000000  -0.000000  -0.000000 
12.61862  -0.000000   0.000000   4.183991   0.000000  -0.000000  -0.000000 
12.63063  -0.000000   0.000000   4.187974   0.000000  -0.000000  -0.000000 
12.64264  -0.000000   0.000000   4.191956   0.000000  -0.000000  -0.000000 
12.65465  -0.000000   0.000000   4.195939   0.000000  -0.000000  -0.000000 
12.66667  -0.000000   0.000000   4.199922   0.000000  -0.000000  -0.000000 
12.67868  -0.000000   0.000000   4.203905   0.000000  -0.000000  -0.000000 
12.69069  -0.000000   0.000000   4.207888   0.000000  -0.000000  -0.000000 
12.70270  -0.000000   0.000000   4.211871   0.000000  -0.000000  -0.000000 
12.71471  -0.000000   0.000000   4.215854   0.000000  -0.000000  -0.000000 
12.72673  -0.000000   0.000000   4.219836   0.000000  -0.000000  -0.000000 
12.73874  -0.000000   0.000000   4.223819   0.000000  -0.000000  -0.000000 
12.75075  -0.000000   0.000000   4.227802   0.000000  -0.000000  -0.000000 
12.76276  -0.000000   0.000000   4.231785   0.000000  -0.000000  -0.000000 
12.77477  -0.000000   0.000000   4.235768   0.000000  -0.000000  -0.000000 
12.78679  -0.000000   0.000000   4.239751   0.000000  -0.000000  -0.000000 
12.79880  -0.000000   0.000000   4.243734   0.000000  -0.000000  -0.000000 
12.81081  -0.000000   0.000000   4.247716   0.000000  -0.000000  -0.000000 
12.82282  -0.000000   0.000000   4.251699   0.000000  -0.000000  -0.000000 
12.83483  -0.000000   0.000000   4.255682   0.000000  -0.000000  -0.000000 
12.84685  -0.000000   0.000000   4.259665   0.000000  -0.000000  -0.000000 
12.85886  -0.000000   0.000000   4.263648   0.000000  -0.000000  -0.000000 
12.87087  -0.000000   0.000000   4.267631   0.000000  -0.000000  -0.000000 
12.88288  -0.000000   0.000000   4.271614   0.000000  -0.000000  -0.000000 
12.89489  -0.000000   0.000000   4.275596   0.000000  -0.000000  -0.000000 
12.90691  -0.000000   0.000000   4.279579   0.000000  -0.000000  -0.000000 
12.91892  -0.000000   0.000000   4.283562   0.000000  -0.000000  -0.000000 
12.93093  -0.000000   0.000000   4.287545   0.000000  -0.000000  -0.000000 
12.94294  -0.000000   0.000000   4.291528   0.000000  -0.000000  -0.000000 
12.95495  -0.000000   0.000000   4.295511   0.000000  -0.000000  -0.000000 
12.96697  -0.000000   0.000000   4.299494   0.000000  -0.000000  -0.000000 
12.97898  -0.000000   0.000000   4.303476   0.000000  -0.000000  -0.000000 
12.99099  -0.000000   0.000000   4.307459   0.000000  -0.000000  -0.000000 
13.00300  -0.000000   0.000000   4.311442   0.000000  -0.000000  -0.000000 
13.01502  -0.000000   0.000000   4.315425   0.000000  -0.000000  -0.000000 
13.02703  -0.000000   0.000000   4.319408   0.000000  -0.000000  -0.000000 
13.03904  -0.000000   0.000000   4.323391   0.000000  -0.000000  -0.000000 
13.05105  -0.000000   0.000000   4.327374   0.000000  -0.000000  -0.000000 
13.06306  -0.000000   0.000000   4.331356   0.000000  -0.000000  -0.000000 
13.07508  -0.000000   0.000000   4.335339   0.000000  -0.000000  -0.000000 
13.08709  -0.000000   0.000000   4.339322   0.000000  -0.000000  -0.000000 
13.09910  -0.000000   0.000000   4.343305   0.000000  -0.000000  -0.000000 
13.11111  -0.000000   0.000000   4.347288   0.000000  -0.000000  -0.000000 
13.12312  -0.000000   0.000000   4.351271   0.000000  -0.000000  -0.000000 
13.13514  -0.000000   0.000000   4.355254   0.000000  -0.000000  -0.000000 
13.14715  -0.000000   0.000000   4.359236   0.000000  -0.000000  -0.000000 
13.15916  -0.000000   0.000000   4.363219   0.000000  -0.000000  -0.000000 
13.17117  -0.000000   0.000000   4.367202   0.000000  -0.000000  -0.000000 
13.18318  -0.000000   0.000000   4.371185   0.000000  -0.000000  -0.000000 
13.19520  -0.000000   0.000000   4.375168   0.000000  -0.000000  -0.000000 
13.20721  -0.000000   0.000000   4.379151   0.000000  -0.000000  -0.000000 
13.21922  -0.000000   0.000000   4.383134   0.000000  -0.000000  -0.000000 
13.23123  -0.000000   0.000000   4.387116   0.000000  -0.000000  -0.000000 
13.24324  -0.000000   0.000000   4.391099   0.000000  -0.000000  -0.000000 
13.25526  -0.000000   0.000000   4.395082   0.000000  -0.000000  -0.000000 
13.26727  -0.000000   0.000000   4.399065   0.000000  -0.000000  -0.000000 
13.27928  -0.000000   0.000000   4.403048   0.000000  -0.000000  -0.000000 
13.29129  -0.000000   0.000000   4.407031   0.000000  -0.000000  -0.000000 
13.30330  -0.000000   0.000000   4.411014   0.000000  -0.000000  -0.000000 
13.31532  -0.000000   0.000000   4.414996   0.000000  -0.000000  -0.000000 
13.32733  -0.000000   0.000000   4.418979   0.000000  -0.000000  -0.000000 
13.33934  -0.000000   0.000000   4.422962   0.000000  -0.000000  -0.000000 
13.35135  -0.000000   0.000000   4.426945   0.000000  -0.000000  -0.000000 
13.36336  -0.000000   0.000000   4.430928   0.000000  -0.000000  -0.000000 
13.37538  -0.000000   0.000000   4.434911   0.000000  -0.000000  -0.000000 
13.38739  -0.000000   0.000000   4.438893   0.000000  -0.000000  -0.000000 
13.39940  -0.000000   0.000000   4.442876   0.000000  -0.000000  -0.000000 
13.41141  -0.000000   0.000000   4.446859   0.000000  -0.000000  -0.000000 
13.42342  -0.000000   0.000000   4.450842   0.000000  -0.000000  -0.000000 
13.43544  -0.000000   0.000000   4.454825   0.000000  -0.000000  -0.000000 
13.44745  -0.000000   0.000000   4.458808   0.000000  -0.000000  -0.000000 
13.45946  -0.000000   0.000000   4.462791   0.000000  -0.000000  -0.000000 
13.47147  -0.000000   0.000000   4.466773   0.000000  -0.000000  -0.000000 
13.48348  -0.000000   0.000000   4.470756   0.000000  -0.000000  -0.000000 
13.49550  -0.000000   0.000000   4.474739   0.000000  -0.000000  -0.000000 
13.50751  -0.000000   0.000000   4.478722   0.000000  -0.000000  -0.000000 
13.51952  -0.000000   0.000000   4.482705   0.000000  -0.000000  -0.000000 
13.53153  -0.000000   0.000000   4.486688   0.000000  -0.000000  -0.000000 
13.54354  -0.000000   0.000000   4.490671   0.000000  -0.000000  -0.000000 
13.55556  -0.000000   0.000000   4.494653   0.000000  -0.000000  -0.000000 
13.56757  -0.000000   0.000000   4.498636   0.000000  -0.000000  -0.000000 
13.57958  -0.000000   0.000000   4.502619   0.000000  -0.000000  -0.000000 
13.59159  -0.000000   0.000000   4.506602   0.000000  -0.000000  -0.000000 
13.60360  -0.000000   0.000000   4.510585   0.000000  -0.000000  -0.000000 
13.61562  -0.000000   0.000000   4.514568   0.000000  -0.000000  -0.000000 
13.62763  -0.000000   0.000000   4.518551   0.000000  -0.000000  -0.000000 
13.63964  -0.000000   0.000000   4.522533   0.000000  -0.000000  -0.000000 
13.65165  -0.000000   0.000000   4.526516   0.000000  -0.000000  -0.000000 
13.66366  -0.000000   0.000000   4.530499   0.000000  -0.000000  -0.000000 
13.67568  -0.000000   0.000000   4.534482   0.000000  -0.000000  -0.000000 
13.68769  -0.000000   0.000000   4.538465   0.000000  -0.000000  -0.000000 
13.69970  -0.000000   0.000000   4.542448   0.000000  -0.000000  -0.000000 
13.71171  -0.000000   0.000000   4.546431   0.000000  -0.000000  -0.000000 
13.72372  -0.000000   0.000000   4.550413   0.000000  -0.000000  -0.000000 
13.73574  -0.000000   0.000000   4.554396   0.000000  -0.000000  -0.000000 
13.74775  -0.000000   0.000000   4.558379   0.000000  -0.000000  -0.000000 
13.75976  -0.000000   0.000000   4.562362   0.000000  -0.000000  -0.000000 
13.77177  -0.000000   0.000000   4.566345   0.000000  -0.000000  -0.000000 
13.78378  -0.000000   0.000000   4.570328   0.000000  -0.000000  -0.000000 
13.79580  -0.000000   0.000000   4.574311   0.000000  -0.000000  -0.000000 
13.80781  -0.000000   0.000000   4.578293   0.000000  -0.000000  -0.000000 
13.81982  -0.000000   0.000000   4.582276   0.000000  -0.000000  -0.000000 
13.83183  -0.000000   0.000000   4.586259   0.000000  -0.000000  -0.000000 
13.84384  -0.000000   0.000000   4.590242   0.000000  -0.000000  -0.000000 
13.85586  -0.000000   0.000000   4.594225   0.000000  -0.000000  -0.000000 
13.86787  -0.000000   0.000000   4.598208   0.000000  -0.000000  -0.000000 
13.87988  -0.000000   0.000000   4.602191   0.000000  -0.000000  -0.000000 
13.89189  -0.000000   0.000000   4.606173   0.000000  -0.000000  -0.000000 
13.90390  -0.000000   0.000000   4.610156   0.000000  -0.000000  -0.000000 
13.91592  -0.000000   0.000000   4.614139   0.000000  -0.000000  -0.000000 
13.92793  -0.000000   0.000000   4.618122   0.000000  -0.000000  -0.000000 
13.93994  -0.000000   0.000000   4.622105   0.000000  -0.000000  -0.000000 
13.95195  -0.000000   0.000000   4.626088   0.000000  -0.000000  -0.000000 
13.96396  -0.000000   0.000000   4.630071   0.000000  -0.000000  -0.000000 
13.97598  -0.000000   0.000000   4.634053   0.000000  -0.000000  -0.000000 
13.98799  -0.000000   0.000000   4.638036   0.000000  -0.000000  -0.000000 
14.00000   0.000000   0.000000   4.642019  -0.000000   0.000000  -0.000000 
