alpha= -90.00 1 Layers 
   3.596894e-03 
   4.108093e-12 
   9.721718e+03 
  -1.892387e-10 
   0.000000e+00 
   0.000000e+00 
   0.000000e+00 
alpha= -90.00 2 Layers 
  -1.174357e+00 
   6.620630e-01 
   1.343589e+04 
  -3.358356e+01 
   2.532903e+00 
   3.041727e+02 
  -5.151487e+08 
  -3.992924e+05 
   0.000000e+00 
   0.000000e+00 
   0.000000e+00 
   0.000000e+00 
   3.379057e-16 
  -4.600850e+00 
alpha= -90.00 3 Layers 
  -1.803721e+00 
   7.469300e-01 
   1.505728e+04 
  -3.788849e+01 
   9.810377e+00 
   1.218737e+03 
  -5.130576e+07 
  -1.514906e+05 
  -2.359891e-03 
   2.702928e-01 
   4.381105e+10 
  -2.973577e+02 
   0.000000e+00 
   0.000000e+00 
   0.000000e+00 
   0.000000e+00 
   0.000000e+00 
   0.000000e+00 
   5.061267e-17 
  -2.467747e+00 
   1.198082e+00 
alpha= -90.00 4 Layers 
  -2.492383e+00 
   8.808415e-01 
   1.688686e+04 
  -4.468123e+01 
   1.003050e+01 
   1.775100e+03 
  -4.613525e+06 
  -1.107125e+05 
  -2.600224e-01 
   8.946751e-01 
   6.860335e+09 
  -9.193349e+01 
   3.026397e+00 
   7.682402e+02 
  -3.422077e+09 
  -8.481287e+05 
   0.000000e+00 
   0.000000e+00 
   0.000000e+00 
   0.000000e+00 
   0.000000e+00 
   0.000000e+00 
   0.000000e+00 
   0.000000e+00 
   1.841309e-17 
  -1.899465e+00 
   9.931651e-01 
  -6.645216e+00 
alpha= -90.00 5 Layers 
  -2.613706e+00 
   8.279572e-01 
   1.710592e+04 
  -4.199864e+01 
   1.460302e+01 
   1.885292e+03 
   5.928405e+05 
  -8.252107e+04 
  -2.607567e-01 
   8.686942e-01 
   1.651383e+09 
  -6.328629e+01 
   6.726857e+00 
   1.343540e+03 
  -9.404913e+08 
  -3.627796e+05 
  -1.121289e-02 
   3.789030e-01 
   1.088211e+11 
  -4.168432e+02 
   0.000000e+00 
   0.000000e+00 
   0.000000e+00 
   0.000000e+00 
   0.000000e+00 
   0.000000e+00 
   0.000000e+00 
   0.000000e+00 
   0.000000e+00 
   0.000000e+00 
  -1.248325e-15 
  -1.525462e+00 
   6.672288e-01 
  -4.130122e+00 
   1.276152e+00 
alpha= -90.00 6 Layers 
  -1.859056e+00 
   8.748356e-01 
   1.536246e+04 
  -4.437658e+01 
   1.377811e+01 
   2.169965e+03 
   2.663709e+06 
  -7.346771e+04 
  -5.424881e-01 
   1.041220e+00 
   4.944718e+08 
  -3.600435e+01 
   6.373483e+00 
   1.568447e+03 
  -3.408569e+08 
  -2.712831e+05 
  -1.514321e-01 
   8.654332e-01 
   3.474681e+10 
  -1.797347e+02 
   3.281650e+00 
   9.310251e+02 
  -5.098953e+09 
  -9.767031e+05 
   0.000000e+00 
   0.000000e+00 
   0.000000e+00 
   0.000000e+00 
   0.000000e+00 
   0.000000e+00 
   0.000000e+00 
   0.000000e+00 
   0.000000e+00 
   0.000000e+00 
   0.000000e+00 
   0.000000e+00 
   9.455844e-17 
  -1.367705e+00 
   5.532094e-01 
  -3.376156e+00 
   1.237215e+00 
  -7.188780e+00 
alpha= -90.00 7 Layers 
  -1.368434e+00 
   8.228675e-01 
   1.411767e+04 
  -4.174046e+01 
   1.658361e+01 
   2.157311e+03 
   2.265904e+06 
  -6.318269e+04 
  -6.092473e-01 
   9.863009e-01 
   1.938297e+08 
  -3.116413e+01 
   9.242580e+00 
   1.702154e+03 
  -1.472646e+08 
  -1.785392e+05 
  -1.280849e-01 
   8.189716e-01 
   1.229679e+10 
  -1.359046e+02 
   5.754656e+00 
   1.346162e+03 
  -2.051224e+09 
  -5.091603e+05 
  -1.637208e-02 
   4.200989e-01 
   1.466989e+11 
  -4.621641e+02 
   0.000000e+00 
   0.000000e+00 
   0.000000e+00 
   0.000000e+00 
   0.000000e+00 
   0.000000e+00 
   0.000000e+00 
   0.000000e+00 
   0.000000e+00 
   0.000000e+00 
   0.000000e+00 
   0.000000e+00 
   0.000000e+00 
   0.000000e+00 
   4.311804e-16 
  -1.221814e+00 
   4.250188e-01 
  -2.635457e+00 
   9.312917e-01 
  -5.024965e+00 
   1.324427e+00 
alpha= -90.00 8 Layers 
   4.489433e-01 
   8.484284e-01 
   9.801080e+03 
  -4.303706e+01 
   1.433465e+01 
   2.335893e+03 
   2.383065e+06 
  -5.988096e+04 
  -8.595813e-01 
   1.063564e+00 
   7.302566e+07 
  -2.449207e+01 
   9.143481e+00 
   1.896476e+03 
  -6.752315e+07 
  -1.431274e+05 
  -2.802819e-01 
   1.008644e+00 
   5.262559e+09 
  -7.666809e+01 
   5.331256e+00 
   1.444326e+03 
  -9.923228e+08 
  -4.224750e+05 
  -1.123599e-01 
   8.153945e-01 
   6.448907e+10 
  -2.440347e+02 
   3.414687e+00 
   9.999848e+02 
  -6.008572e+09 
  -1.022418e+06 
   0.000000e+00 
   0.000000e+00 
   0.000000e+00 
   0.000000e+00 
   0.000000e+00 
   0.000000e+00 
   0.000000e+00 
   0.000000e+00 
   0.000000e+00 
   0.000000e+00 
   0.000000e+00 
   0.000000e+00 
   0.000000e+00 
   0.000000e+00 
   0.000000e+00 
   0.000000e+00 
   4.253783e-16 
  -1.159721e+00 
   3.664431e-01 
  -2.273394e+00 
   8.510888e-01 
  -4.372887e+00 
   1.336828e+00 
  -7.396158e+00 
alpha= -90.00 9 Layers 
   1.271539e+00 
   8.067353e-01 
   7.775356e+03 
  -4.092215e+01 
   1.589812e+01 
   2.296164e+03 
   1.961148e+06 
  -5.437667e+04 
  -9.453184e-01 
   1.010534e+00 
   3.506193e+07 
  -2.365803e+01 
   1.148472e+01 
   1.927614e+03 
  -3.586162e+07 
  -1.118649e+05 
  -2.880534e-01 
   9.634700e-01 
   2.488029e+09 
  -6.262242e+01 
   7.389910e+00 
   1.590250e+03 
  -5.137632e+08 
  -2.859975e+05 
  -8.883970e-02 
   7.684532e-01 
   2.854391e+10 
  -1.976470e+02 
   5.273756e+00 
   1.329943e+03 
  -2.975055e+09 
  -6.060255e+05 
  -1.961556e-02 
   4.404383e-01 
   1.705099e+11 
  -4.845402e+02 
   0.000000e+00 
   0.000000e+00 
   0.000000e+00 
   0.000000e+00 
   0.000000e+00 
   0.000000e+00 
   0.000000e+00 
   0.000000e+00 
   0.000000e+00 
   0.000000e+00 
   0.000000e+00 
   0.000000e+00 
   0.000000e+00 
   0.000000e+00 
   0.000000e+00 
   0.000000e+00 
   0.000000e+00 
   0.000000e+00 
   8.203023e-16 
  -1.081858e+00 
   3.002298e-01 
  -1.946557e+00 
   6.952723e-01 
  -3.504413e+00 
   1.070262e+00 
  -5.561393e+00 
   1.361109e+00 
alpha= -90.00 10 Layers 
   3.669225e+00 
   8.243640e-01 
   2.058706e+03 
  -4.181637e+01 
   1.250096e+01 
   2.422878e+03 
   1.906909e+06 
  -5.288238e+04 
  -1.124541e+00 
   1.054177e+00 
   1.266303e+07 
  -2.170666e+01 
   1.128483e+01 
   2.077400e+03 
  -1.812517e+07 
  -9.624388e+04 
  -4.427893e-01 
   1.061666e+00 
   1.268701e+09 
  -4.144322e+01 
   7.226763e+00 
   1.720855e+03 
  -2.862186e+08 
  -2.373118e+05 
  -1.913613e-01 
   9.571969e-01 
   1.471282e+10 
  -1.223337e+02 
   4.868690e+00 
   1.369973e+03 
  -1.689479e+09 
  -5.345533e+05 
  -9.253141e-02 
   7.724572e-01 
   8.974039e+10 
  -2.901344e+02 
   3.494828e+00 
   1.036193e+03 
  -6.568487e+09 
  -1.042806e+06 
   0.000000e+00 
   0.000000e+00 
   0.000000e+00 
   0.000000e+00 
   0.000000e+00 
   0.000000e+00 
   0.000000e+00 
   0.000000e+00 
   0.000000e+00 
   0.000000e+00 
   0.000000e+00 
   0.000000e+00 
   0.000000e+00 
   0.000000e+00 
   0.000000e+00 
   0.000000e+00 
   0.000000e+00 
   0.000000e+00 
   0.000000e+00 
   0.000000e+00 
  -1.482493e-15 
  -1.053330e+00 
   2.663570e-01 
  -1.753488e+00 
   6.360365e-01 
  -3.095780e+00 
   1.021377e+00 
  -5.023689e+00 
   1.391463e+00 
  -7.496239e+00 
alpha= -75.00 1 Layers 
   1.726199e-02 
  -8.336623e+02 
  -9.873154e+04 
   7.747424e+03 
   0.000000e+00 
   0.000000e+00 
   0.000000e+00 
alpha= -75.00 2 Layers 
  -2.531029e+00 
   1.759574e+03 
   3.367944e+05 
  -1.932425e+04 
   8.137148e+01 
   4.280097e+03 
  -1.090765e+08 
  -6.542357e+05 
   0.000000e+00 
   0.000000e+00 
   0.000000e+00 
   0.000000e+00 
  -2.674208e-16 
  -6.434872e+00 
alpha= -75.00 3 Layers 
  -4.112982e+00 
   1.255175e+03 
   2.559397e+05 
  -1.406248e+04 
   1.780752e+02 
   4.116870e+03 
  -1.985911e+07 
  -1.990354e+05 
   1.066757e-02 
  -1.494105e+02 
   4.023457e+10 
  -2.029903e+05 
   0.000000e+00 
   0.000000e+00 
   0.000000e+00 
   0.000000e+00 
   0.000000e+00 
   0.000000e+00 
  -6.857577e-16 
  -3.043865e+00 
  -2.320436e+00 
alpha= -75.00 4 Layers 
  -6.511710e+00 
   1.840582e+03 
   3.576427e+05 
  -2.017709e+04 
   1.749503e+02 
   5.173102e+03 
  -4.646020e+06 
  -2.316235e+05 
  -5.434115e-01 
   1.474134e+03 
   7.435479e+09 
  -8.350420e+04 
   9.124480e+01 
   4.661329e+03 
  -5.131706e+08 
  -1.250968e+06 
   0.000000e+00 
   0.000000e+00 
   0.000000e+00 
   0.000000e+00 
   0.000000e+00 
   0.000000e+00 
   0.000000e+00 
   0.000000e+00 
  -9.209501e-16 
  -2.514725e+00 
  -1.092303e-01 
  -9.023430e+00 
alpha= -75.00 5 Layers 
  -8.875387e+00 
   1.483726e+03 
   3.027495e+05 
  -1.645674e+04 
   2.314398e+02 
   4.730527e+03 
  -2.181634e+06 
  -1.584228e+05 
  -5.312689e-01 
   1.119803e+03 
   2.051308e+09 
  -5.698615e+04 
   1.426168e+02 
   4.582067e+03 
  -1.750117e+08 
  -4.251605e+05 
  -6.415071e-03 
   4.928980e+01 
   9.151738e+10 
  -2.698316e+05 
   0.000000e+00 
   0.000000e+00 
   0.000000e+00 
   0.000000e+00 
   0.000000e+00 
   0.000000e+00 
   0.000000e+00 
   0.000000e+00 
   0.000000e+00 
   0.000000e+00 
  -2.965868e-16 
  -1.851626e+00 
  -2.530562e-01 
  -5.371536e+00 
  -3.119241e+00 
alpha= -75.00 6 Layers 
  -9.514640e+00 
   1.775380e+03 
   3.523868e+05 
  -1.950207e+04 
   2.230613e+02 
   5.448053e+03 
  -4.951026e+05 
  -1.706925e+05 
  -1.179610e+00 
   1.762707e+03 
   7.180035e+08 
  -3.691097e+04 
   1.372285e+02 
   5.027147e+03 
  -7.869497e+07 
  -4.491563e+05 
  -3.024691e-01 
   1.203963e+03 
   3.259030e+10 
  -1.469864e+05 
   9.553282e+01 
   4.795498e+03 
  -6.958898e+08 
  -1.379538e+06 
   0.000000e+00 
   0.000000e+00 
   0.000000e+00 
   0.000000e+00 
   0.000000e+00 
   0.000000e+00 
   0.000000e+00 
   0.000000e+00 
   0.000000e+00 
   0.000000e+00 
   0.000000e+00 
   0.000000e+00 
   1.538219e-15 
  -1.691617e+00 
   2.536837e-01 
  -4.632441e+00 
  -9.642237e-01 
  -9.666881e+00 
alpha= -75.00 7 Layers 
  -1.194468e+01 
   1.523825e+03 
   3.151098e+05 
  -1.688092e+04 
   2.651199e+02 
   5.057646e+03 
  -3.213024e+05 
  -1.363993e+05 
  -1.378522e+00 
   1.471462e+03 
   3.283643e+08 
  -3.024131e+04 
   1.731988e+02 
   4.763752e+03 
  -4.080259e+07 
  -2.868960e+05 
  -2.460594e-01 
   9.421293e+02 
   1.217044e+10 
  -1.092491e+05 
   1.302673e+02 
   4.733807e+03 
  -3.222994e+08 
  -5.871607e+05 
  -1.641095e-02 
   1.259294e+02 
   1.201923e+11 
  -2.968806e+05 
   0.000000e+00 
   0.000000e+00 
   0.000000e+00 
   0.000000e+00 
   0.000000e+00 
   0.000000e+00 
   0.000000e+00 
   0.000000e+00 
   0.000000e+00 
   0.000000e+00 
   0.000000e+00 
   0.000000e+00 
   0.000000e+00 
   0.000000e+00 
   1.876020e-16 
  -1.409421e+00 
   1.206690e-01 
  -3.512083e+00 
  -9.493297e-01 
  -6.600527e+00 
  -3.411318e+00 
alpha= -75.00 8 Layers 
  -1.115745e+01 
   1.715425e+03 
   3.454772e+05 
  -1.887930e+04 
   2.509891e+02 
   5.593064e+03 
   1.238083e+05 
  -1.447027e+05 
  -2.027634e+00 
   1.837059e+03 
   1.544498e+08 
  -2.436169e+04 
   1.706343e+02 
   5.188214e+03 
  -2.227537e+07 
  -2.749199e+05 
  -5.817096e-01 
   1.536030e+03 
   5.628679e+09 
  -7.286612e+04 
   1.246270e+02 
   4.969805e+03 
  -1.828979e+08 
  -6.506773e+05 
  -2.171527e-01 
   1.022797e+03 
   5.746125e+10 
  -1.883606e+05 
   9.761046e+01 
   4.848252e+03 
  -7.872389e+08 
  -1.390867e+06 
   0.000000e+00 
   0.000000e+00 
   0.000000e+00 
   0.000000e+00 
   0.000000e+00 
   0.000000e+00 
   0.000000e+00 
   0.000000e+00 
   0.000000e+00 
   0.000000e+00 
   0.000000e+00 
   0.000000e+00 
   0.000000e+00 
   0.000000e+00 
   0.000000e+00 
   0.000000e+00 
  -5.843067e-16 
  -1.346608e+00 
   3.234827e-01 
  -3.098864e+00 
  -1.739277e-01 
  -5.997968e+00 
  -1.545938e+00 
  -9.893233e+00 
alpha= -75.00 9 Layers 
  -1.352056e+01 
   1.527159e+03 
   3.185897e+05 
  -1.691862e+04 
   2.852069e+02 
   5.262287e+03 
   8.677968e+04 
  -1.236039e+05 
  -2.376117e+00 
   1.604603e+03 
   9.044694e+07 
  -2.168909e+04 
   1.994045e+02 
   4.928324e+03 
  -1.405505e+07 
  -2.127748e+05 
  -6.023752e-01 
   1.313069e+03 
   2.818631e+09 
  -5.960261e+04 
   1.513177e+02 
   4.797752e+03 
  -1.069550e+08 
  -4.187816e+05 
  -1.635520e-01 
   8.189295e+02 
   2.629923e+10 
  -1.489782e+05 
   1.239006e+02 
   4.802900e+03 
  -4.331089e+08 
  -6.899123e+05 
  -2.278011e-02 
   1.650317e+02 
   1.381360e+11 
  -3.111536e+05 
   0.000000e+00 
   0.000000e+00 
   0.000000e+00 
   0.000000e+00 
   0.000000e+00 
   0.000000e+00 
   0.000000e+00 
   0.000000e+00 
   0.000000e+00 
   0.000000e+00 
   0.000000e+00 
   0.000000e+00 
   0.000000e+00 
   0.000000e+00 
   0.000000e+00 
   0.000000e+00 
   0.000000e+00 
   0.000000e+00 
   1.595377e-15 
  -1.186809e+00 
   2.233631e-01 
  -2.581660e+00 
  -2.426724e-01 
  -4.726737e+00 
  -1.464438e+00 
  -7.322934e+00 
  -3.546863e+00 
alpha= -75.00 10 Layers 
  -1.184765e+01 
   1.669895e+03 
   3.391952e+05 
  -1.840535e+04 
   2.673513e+02 
   5.688146e+03 
   2.676769e+05 
  -1.300099e+05 
  -2.960699e+00 
   1.850179e+03 
   5.010068e+07 
  -1.956094e+04 
   1.965055e+02 
   5.295499e+03 
  -8.548152e+06 
  -2.067038e+05 
  -9.601051e-01 
   1.687043e+03 
   1.540773e+09 
  -4.490240e+04 
   1.486519e+02 
   5.075963e+03 
  -6.738330e+07 
  -4.057320e+05 
  -3.853760e-01 
   1.352183e+03 
   1.440124e+10 
  -1.061492e+05 
   1.186150e+02 
   4.943781e+03 
  -2.796464e+08 
  -7.873879e+05 
  -1.744142e-01 
   8.982736e+02 
   7.782847e+10 
  -2.164507e+05 
   9.881559e+01 
   4.874249e+03 
  -8.412835e+08 
  -1.378299e+06 
   0.000000e+00 
   0.000000e+00 
   0.000000e+00 
   0.000000e+00 
   0.000000e+00 
   0.000000e+00 
   0.000000e+00 
   0.000000e+00 
   0.000000e+00 
   0.000000e+00 
   0.000000e+00 
   0.000000e+00 
   0.000000e+00 
   0.000000e+00 
   0.000000e+00 
   0.000000e+00 
   0.000000e+00 
   0.000000e+00 
   0.000000e+00 
   0.000000e+00 
   2.176498e-16 
  -1.159200e+00 
   3.289376e-01 
  -2.345762e+00 
   1.296186e-01 
  -4.275908e+00 
  -6.125642e-01 
  -6.858606e+00 
  -1.937601e+00 
  -9.992983e+00 
alpha= -60.00 1 Layers 
   2.836484e-01 
  -1.241027e+03 
  -2.438628e+04 
   1.059716e+04 
   0.000000e+00 
   0.000000e+00 
   0.000000e+00 
alpha= -60.00 2 Layers 
  -7.781586e+00 
   4.347166e+03 
   4.558261e+05 
  -4.829856e+04 
   4.024974e+03 
   9.627718e+03 
  -2.374799e+07 
   1.322560e+06 
   0.000000e+00 
   0.000000e+00 
   0.000000e+00 
   0.000000e+00 
   4.994614e-16 
  -5.479994e+00 
alpha= -60.00 3 Layers 
  -1.070614e+01 
   2.372461e+03 
   2.913101e+05 
  -2.751833e+04 
   4.823850e+03 
   7.999964e+03 
  -5.790647e+06 
   4.541162e+05 
   2.761369e-01 
  -1.663575e+02 
   9.884585e+09 
  -7.006527e+05 
   0.000000e+00 
   0.000000e+00 
   0.000000e+00 
   0.000000e+00 
   0.000000e+00 
   0.000000e+00 
  -2.491982e-16 
  -1.930422e+00 
  -7.681407e+00 
alpha= -60.00 4 Layers 
  -2.149623e+01 
   3.967409e+03 
   4.359793e+05 
  -4.437474e+04 
   4.896299e+03 
   8.883404e+03 
  -2.770312e+06 
   1.184918e+05 
  -1.343640e+00 
   2.709082e+03 
   2.608252e+09 
  -3.665322e+05 
   4.166579e+03 
   9.632823e+03 
  -6.531346e+07 
   3.097913e+06 
   0.000000e+00 
   0.000000e+00 
   0.000000e+00 
   0.000000e+00 
   0.000000e+00 
   0.000000e+00 
   0.000000e+00 
   0.000000e+00 
  -5.022692e-17 
  -2.099396e+00 
  -3.732362e+00 
  -6.899829e+00 
alpha= -60.00 5 Layers 
  -2.701258e+01 
   2.883011e+03 
   3.491421e+05 
  -3.298494e+04 
   5.239744e+03 
   7.930294e+03 
  -1.504411e+06 
   6.791947e+04 
  -1.211656e+00 
   1.708817e+03 
   7.811085e+08 
  -2.219346e+05 
   4.586061e+03 
   8.686377e+03 
  -2.687794e+07 
   1.608983e+06 
   2.257866e-01 
   1.180087e+02 
   1.908614e+10 
  -9.148100e+05 
   0.000000e+00 
   0.000000e+00 
   0.000000e+00 
   0.000000e+00 
   0.000000e+00 
   0.000000e+00 
   0.000000e+00 
   0.000000e+00 
   0.000000e+00 
   0.000000e+00 
  -1.845546e-15 
  -1.306825e+00 
  -2.811027e+00 
  -3.773431e+00 
  -9.602641e+00 
alpha= -60.00 6 Layers 
  -3.705185e+01 
   3.789435e+03 
   4.348619e+05 
  -4.258613e+04 
   5.304537e+03 
   8.607151e+03 
  -9.868169e+05 
  -1.428789e+04 
  -3.277126e+00 
   3.127561e+03 
   3.541940e+08 
  -1.625759e+05 
   4.583316e+03 
   9.097856e+03 
  -1.634527e+07 
   8.567919e+05 
  -6.183761e-01 
   2.050012e+03 
   8.412462e+09 
  -5.933579e+05 
   4.211276e+03 
   9.626901e+03 
  -7.868483e+07 
   3.726142e+06 
   0.000000e+00 
   0.000000e+00 
   0.000000e+00 
   0.000000e+00 
   0.000000e+00 
   0.000000e+00 
   0.000000e+00 
   0.000000e+00 
   0.000000e+00 
   0.000000e+00 
   0.000000e+00 
   0.000000e+00 
   1.644421e-18 
  -1.335231e+00 
  -1.736959e+00 
  -3.974919e+00 
  -6.154575e+00 
  -7.109164e+00 
alpha= -60.00 7 Layers 
  -4.266497e+01 
   3.052970e+03 
   3.775603e+05 
  -3.486106e+04 
   5.521897e+03 
   7.928843e+03 
  -6.882234e+05 
  -1.227038e+04 
  -3.714832e+00 
   2.383243e+03 
   1.682518e+08 
  -1.203907e+05 
   4.834924e+03 
   8.430475e+03 
  -9.503914e+06 
   5.553385e+05 
  -4.299601e-01 
   1.389854e+03 
   3.393402e+09 
  -4.084496e+05 
   4.495110e+03 
   8.957741e+03 
  -4.191690e+07 
   2.355259e+06 
   1.973978e-01 
   2.367447e+02 
   2.393121e+10 
  -1.008183e+06 
   0.000000e+00 
   0.000000e+00 
   0.000000e+00 
   0.000000e+00 
   0.000000e+00 
   0.000000e+00 
   0.000000e+00 
   0.000000e+00 
   0.000000e+00 
   0.000000e+00 
   0.000000e+00 
   0.000000e+00 
   0.000000e+00 
   0.000000e+00 
  -1.287752e-15 
  -9.753540e-01 
  -1.474214e+00 
  -2.805546e+00 
  -4.944547e+00 
  -4.646616e+00 
  -1.039549e+01 
alpha= -60.00 8 Layers 
  -5.150118e+01 
   3.686002e+03 
   4.390618e+05 
  -4.157643e+04 
   5.567624e+03 
   8.471935e+03 
  -5.149940e+05 
  -4.982218e+04 
  -6.056456e+00 
   3.290371e+03 
   9.880239e+07 
  -1.030774e+05 
   4.862066e+03 
   8.813255e+03 
  -6.617009e+06 
   3.289157e+05 
  -1.440634e+00 
   2.568586e+03 
   1.849791e+09 
  -3.076260e+05 
   4.473272e+03 
   9.213001e+03 
  -2.943538e+07 
   1.498162e+06 
  -3.686085e-01 
   1.693637e+03 
   1.333434e+10 
  -7.306790e+05 
   4.230898e+03 
   9.618520e+03 
  -8.474749e+07 
   4.053976e+06 
   0.000000e+00 
   0.000000e+00 
   0.000000e+00 
   0.000000e+00 
   0.000000e+00 
   0.000000e+00 
   0.000000e+00 
   0.000000e+00 
   0.000000e+00 
   0.000000e+00 
   0.000000e+00 
   0.000000e+00 
   0.000000e+00 
   0.000000e+00 
   0.000000e+00 
   0.000000e+00 
  -1.170504e-15 
  -9.846970e-01 
  -1.009282e+00 
  -2.774003e+00 
  -3.530426e+00 
  -4.942067e+00 
  -7.525499e+00 
  -7.131997e+00 
alpha= -60.00 9 Layers 
  -5.651797e+01 
   3.132877e+03 
   3.967434e+05 
  -3.577891e+04 
   5.724602e+03 
   7.943034e+03 
  -4.033497e+05 
  -4.075256e+04 
  -6.890011e+00 
   2.709499e+03 
   5.883910e+07 
  -8.412803e+04 
   5.042219e+03 
   8.298804e+03 
  -4.523365e+06 
   2.371901e+05 
  -1.458756e+00 
   2.022119e+03 
   9.720343e+08 
  -2.366740e+05 
   4.670730e+03 
   8.698562e+03 
  -1.893801e+07 
   1.066363e+06 
  -2.028109e-01 
   1.204462e+03 
   6.522239e+09 
  -5.450521e+05 
   4.446338e+03 
   9.102241e+03 
  -5.208302e+07 
   2.849362e+06 
   1.793800e-01 
   3.011264e+02 
   2.691576e+10 
  -1.060221e+06 
   0.000000e+00 
   0.000000e+00 
   0.000000e+00 
   0.000000e+00 
   0.000000e+00 
   0.000000e+00 
   0.000000e+00 
   0.000000e+00 
   0.000000e+00 
   0.000000e+00 
   0.000000e+00 
   0.000000e+00 
   0.000000e+00 
   0.000000e+00 
   0.000000e+00 
   0.000000e+00 
   0.000000e+00 
   0.000000e+00 
  -1.469381e-15 
  -7.753358e-01 
  -9.108146e-01 
  -2.163431e+00 
  -3.029521e+00 
  -3.731960e+00 
  -6.325412e+00 
  -5.130789e+00 
  -1.081483e+01 
alpha= -60.00 10 Layers 
  -6.428479e+01 
   3.619836e+03 
   4.449225e+05 
  -4.095003e+04 
   5.756664e+03 
   8.395656e+03 
  -3.223820e+05 
  -6.342722e+04 
  -9.381660e+00 
   3.366021e+03 
   4.002953e+07 
  -7.815876e+04 
   5.073041e+03 
   8.641999e+03 
  -3.429813e+06 
   1.397329e+05 
  -2.602034e+00 
   2.847352e+03 
   6.103432e+08 
  -1.950993e+05 
   4.677550e+03 
   8.955841e+03 
  -1.420127e+07 
   7.353449e+05 
  -8.544500e-01 
   2.199653e+03 
   4.045735e+09 
  -4.297606e+05 
   4.419458e+03 
   9.283293e+03 
  -3.970507e+07 
   1.996775e+06 
  -2.454675e-01 
   1.470915e+03 
   1.709318e+10 
  -8.209035e+05 
   4.241731e+03 
   9.611637e+03 
  -8.817028e+07 
   4.255308e+06 
   0.000000e+00 
   0.000000e+00 
   0.000000e+00 
   0.000000e+00 
   0.000000e+00 
   0.000000e+00 
   0.000000e+00 
   0.000000e+00 
   0.000000e+00 
   0.000000e+00 
   0.000000e+00 
   0.000000e+00 
   0.000000e+00 
   0.000000e+00 
   0.000000e+00 
   0.000000e+00 
   0.000000e+00 
   0.000000e+00 
   0.000000e+00 
   0.000000e+00 
   7.167047e-16 
  -7.779290e-01 
  -6.578176e-01 
  -2.116524e+00 
  -2.295465e+00 
  -3.738358e+00 
  -4.869729e+00 
  -5.472439e+00 
  -8.387665e+00 
  -7.114300e+00 
alpha= -45.00 1 Layers 
   7.315930e+00 
   1.038426e+03 
   1.294608e+05 
  -1.198199e+04 
   0.000000e+00 
   0.000000e+00 
   0.000000e+00 
alpha= -45.00 2 Layers 
   5.193890e+00 
   2.955596e+03 
   2.001762e+05 
  -3.485268e+04 
  -2.286713e+04 
   7.006332e+02 
  -2.305541e+06 
   9.793313e+04 
   0.000000e+00 
   0.000000e+00 
   0.000000e+00 
   0.000000e+00 
   6.589494e-16 
   7.861872e+00 
alpha= -45.00 3 Layers 
  -5.815111e+00 
   2.303786e+03 
   1.796736e+05 
  -2.717565e+04 
  -2.318130e+04 
   5.804213e+02 
  -1.003901e+06 
   4.388874e+04 
   7.270756e+00 
   1.346900e+03 
   4.053733e+08 
  -6.293868e+05 
   0.000000e+00 
   0.000000e+00 
   0.000000e+00 
   0.000000e+00 
   0.000000e+00 
   0.000000e+00 
  -1.850151e-15 
   4.249017e+00 
  -1.085138e+01 
alpha= -45.00 4 Layers 
  -1.716613e+01 
   2.904504e+03 
   2.050558e+05 
  -3.443175e+04 
  -2.290592e+04 
   5.819585e+02 
  -6.468793e+05 
   2.782024e+04 
   8.525112e+00 
   2.204605e+03 
   1.484674e+08 
  -3.798726e+05 
  -2.284563e+04 
   6.861879e+02 
  -3.304922e+06 
   1.331620e+05 
   0.000000e+00 
   0.000000e+00 
   0.000000e+00 
   0.000000e+00 
   0.000000e+00 
   0.000000e+00 
   0.000000e+00 
   0.000000e+00 
  -2.507693e-16 
   2.813407e+00 
  -6.782736e+00 
   1.019666e+01 
alpha= -45.00 5 Layers 
  -2.984088e+01 
   2.525911e+03 
   1.950423e+05 
  -3.002551e+04 
  -2.302191e+04 
   5.199171e+02 
  -4.164401e+05 
   1.802328e+04 
   6.914101e+00 
   1.914158e+03 
   6.136988e+07 
  -2.327795e+05 
  -2.309455e+04 
   6.322415e+02 
  -2.674251e+06 
   9.323180e+04 
   7.260157e+00 
   1.405552e+03 
   4.856365e+08 
  -7.472791e+05 
   0.000000e+00 
   0.000000e+00 
   0.000000e+00 
   0.000000e+00 
   0.000000e+00 
   0.000000e+00 
   0.000000e+00 
   0.000000e+00 
   0.000000e+00 
   0.000000e+00 
   1.470296e-15 
   2.191849e+00 
  -4.709785e+00 
   6.804722e+00 
  -1.302819e+01 
alpha= -45.00 6 Layers 
  -4.237330e+01 
   2.887394e+03 
   2.120365e+05 
  -3.443985e+04 
  -2.280012e+04 
   5.240187e+02 
  -3.361247e+05 
   1.357661e+04 
   6.533480e+00 
   2.392638e+03 
   3.315833e+07 
  -1.791677e+05 
  -2.296249e+04 
   6.332811e+02 
  -2.010776e+06 
   6.980696e+04 
   8.232597e+00 
   1.971317e+03 
   2.835470e+08 
  -5.436620e+05 
  -2.285401e+04 
   6.831601e+02 
  -3.049852e+06 
   1.400770e+05 
   0.000000e+00 
   0.000000e+00 
   0.000000e+00 
   0.000000e+00 
   0.000000e+00 
   0.000000e+00 
   0.000000e+00 
   0.000000e+00 
   0.000000e+00 
   0.000000e+00 
   0.000000e+00 
   0.000000e+00 
  -1.960298e-16 
   1.788950e+00 
  -3.556578e+00 
   4.930103e+00 
  -9.665392e+00 
   1.104137e+01 
alpha= -45.00 7 Layers 
  -5.309586e+01 
   2.622145e+03 
   2.055769e+05 
  -3.136826e+04 
  -2.287021e+04 
   4.844925e+02 
  -2.556741e+05 
   1.011154e+04 
   4.014547e+00 
   2.170553e+03 
   1.855148e+07 
  -1.325160e+05 
  -2.308186e+04 
   5.898591e+02 
  -1.462980e+06 
   5.167239e+04 
   7.582298e+00 
   1.783618e+03 
   1.630381e+08 
  -3.872567e+05 
  -2.304297e+04 
   6.492793e+02 
  -3.127227e+06 
   1.135856e+05 
   7.269129e+00 
   1.433076e+03 
   5.010248e+08 
  -7.991360e+05 
   0.000000e+00 
   0.000000e+00 
   0.000000e+00 
   0.000000e+00 
   0.000000e+00 
   0.000000e+00 
   0.000000e+00 
   0.000000e+00 
   0.000000e+00 
   0.000000e+00 
   0.000000e+00 
   0.000000e+00 
   0.000000e+00 
   0.000000e+00 
   2.524977e-15 
   1.572179e+00 
  -2.792009e+00 
   3.888401e+00 
  -7.493499e+00 
   8.238832e+00 
  -1.395035e+01 
alpha= -45.00 8 Layers 
  -6.497736e+01 
   2.882836e+03 
   2.186907e+05 
  -3.457568e+04 
  -2.269159e+04 
   4.892815e+02 
  -2.266599e+05 
   8.154171e+03 
   2.562980e+00 
   2.495177e+03 
   1.231809e+07 
  -1.147326e+05 
  -2.295460e+04 
   5.904104e+02 
  -1.160401e+06 
   4.141615e+04 
   7.919679e+00 
   2.161410e+03 
   1.035469e+08 
  -3.112862e+05 
  -2.296016e+04 
   6.510560e+02 
  -2.683229e+06 
   9.319033e+04 
   8.024672e+00 
   1.854957e+03 
   3.565161e+08 
  -6.340787e+05 
  -2.285971e+04 
   6.818198e+02 
  -2.865037e+06 
   1.430656e+05 
   0.000000e+00 
   0.000000e+00 
   0.000000e+00 
   0.000000e+00 
   0.000000e+00 
   0.000000e+00 
   0.000000e+00 
   0.000000e+00 
   0.000000e+00 
   0.000000e+00 
   0.000000e+00 
   0.000000e+00 
   0.000000e+00 
   0.000000e+00 
   0.000000e+00 
   0.000000e+00 
   2.207805e-16 
   1.402277e+00 
  -2.291469e+00 
   3.152752e+00 
  -6.066033e+00 
   6.422946e+00 
  -1.120503e+01 
   1.147579e+01 
alpha= -45.00 9 Layers 
  -7.367516e+01 
   2.679864e+03 
   2.138963e+05 
  -3.222940e+04 
  -2.274529e+04 
   4.610950e+02 
  -1.869185e+05 
   6.495213e+03 
  -4.161865e-01 
   2.316298e+03 
   8.169384e+06 
  -9.377411e+04 
  -2.302716e+04 
   5.570947e+02 
  -8.967557e+05 
   3.264223e+04 
   6.873136e+00 
   2.004408e+03 
   6.597005e+07 
  -2.422019e+05 
  -2.306943e+04 
   6.194568e+02 
  -2.203402e+06 
   7.526473e+04 
   7.660727e+00 
   1.716589e+03 
   2.442725e+08 
  -4.906387e+05 
  -2.301078e+04 
   6.573967e+02 
  -3.227418e+06 
   1.239635e+05 
   7.277034e+00 
   1.449010e+03 
   5.056037e+08 
  -8.284835e+05 
   0.000000e+00 
   0.000000e+00 
   0.000000e+00 
   0.000000e+00 
   0.000000e+00 
   0.000000e+00 
   0.000000e+00 
   0.000000e+00 
   0.000000e+00 
   0.000000e+00 
   0.000000e+00 
   0.000000e+00 
   0.000000e+00 
   0.000000e+00 
   0.000000e+00 
   0.000000e+00 
   0.000000e+00 
   0.000000e+00 
  -3.207309e-15 
   1.300937e+00 
  -1.914736e+00 
   2.702736e+00 
  -5.016205e+00 
   5.255144e+00 
  -9.217169e+00 
   9.133052e+00 
  -1.445646e+01 
alpha= -45.00 10 Layers 
  -8.454161e+01 
   2.884750e+03 
   2.246641e+05 
  -3.476307e+04 
  -2.259716e+04 
   4.658234e+02 
  -1.733330e+05 
   5.392893e+03 
  -2.557404e+00 
   2.559983e+03 
   6.118043e+06 
  -8.650533e+04 
  -2.291199e+04 
   5.582302e+02 
  -7.533288e+05 
   2.740253e+04 
   6.712855e+00 
   2.283563e+03 
   4.627696e+07 
  -2.078132e+05 
  -2.298379e+04 
   6.198099e+02 
  -1.852794e+06 
   6.342969e+04 
   8.083204e+00 
   2.026321e+03 
   1.733496e+08 
  -4.105912e+05 
  -2.295172e+04 
   6.594791e+02 
  -2.985944e+06 
   1.070248e+05 
   7.889403e+00 
   1.785277e+03 
   3.985339e+08 
  -6.909259e+05 
  -2.286344e+04 
   6.810590e+02 
  -2.742671e+06 
   1.447442e+05 
   0.000000e+00 
   0.000000e+00 
   0.000000e+00 
   0.000000e+00 
   0.000000e+00 
   0.000000e+00 
   0.000000e+00 
   0.000000e+00 
   0.000000e+00 
   0.000000e+00 
   0.000000e+00 
   0.000000e+00 
   0.000000e+00 
   0.000000e+00 
   0.000000e+00 
   0.000000e+00 
   0.000000e+00 
   0.000000e+00 
   0.000000e+00 
   0.000000e+00 
   4.334331e-15 
   1.214886e+00 
  -1.645172e+00 
   2.336767e+00 
  -4.264882e+00 
   4.378810e+00 
  -7.785108e+00 
   7.469745e+00 
  -1.215732e+01 
   1.174236e+01 
alpha= -30.00 1 Layers 
   2.724712e+02 
   6.019807e+03 
   1.874324e+05 
  -6.705096e+04 
   0.000000e+00 
   0.000000e+00 
   0.000000e+00 
alpha= -30.00 2 Layers 
   7.248281e+02 
   9.009225e+02 
   6.023762e+04 
   1.321409e+04 
   6.944952e+04 
   3.136831e+03 
  -3.918120e+05 
   1.066874e+06 
   0.000000e+00 
   0.000000e+00 
   0.000000e+00 
   0.000000e+00 
   1.449006e-18 
   6.798081e-02 
alpha= -30.00 3 Layers 
   4.924336e+02 
   3.269642e+03 
   1.210539e+05 
  -2.414112e+04 
   6.938905e+04 
   1.291915e+03 
  -6.223877e+05 
   2.475898e+05 
   2.755405e+02 
   5.404304e+03 
  -9.189047e+07 
   3.689501e+06 
   0.000000e+00 
   0.000000e+00 
   0.000000e+00 
   0.000000e+00 
   0.000000e+00 
   0.000000e+00 
  -1.308850e-15 
   4.351286e+00 
  -9.953160e+00 
alpha= -30.00 4 Layers 
   7.837130e+02 
   1.353559e+03 
   6.309216e+04 
   7.030738e+03 
   6.917498e+04 
   1.710126e+03 
  -1.545821e+05 
   1.736481e+05 
   4.307105e+02 
   3.059248e+03 
  -4.029138e+07 
   1.927154e+06 
   6.933815e+04 
   2.887586e+03 
  -1.167603e+05 
   2.102879e+06 
   0.000000e+00 
   0.000000e+00 
   0.000000e+00 
   0.000000e+00 
   0.000000e+00 
   0.000000e+00 
   0.000000e+00 
   0.000000e+00 
  -1.299436e-16 
   1.466497e+00 
  -4.328473e+00 
   2.797600e+00 
alpha= -30.00 5 Layers 
   6.043924e+02 
   2.629287e+03 
   1.004428e+05 
  -1.358841e+04 
   6.938535e+04 
   1.027788e+03 
  -1.836969e+05 
   8.765489e+04 
   3.680146e+02 
   4.076354e+03 
  -1.237723e+07 
   8.756700e+05 
   6.928092e+04 
   1.799315e+03 
  -1.227162e+06 
   8.883931e+05 
   2.812411e+02 
   5.178847e+03 
  -1.639569e+08 
   5.328429e+06 
   0.000000e+00 
   0.000000e+00 
   0.000000e+00 
   0.000000e+00 
   0.000000e+00 
   0.000000e+00 
   0.000000e+00 
   0.000000e+00 
   0.000000e+00 
   0.000000e+00 
  -1.044766e-15 
   2.370571e+00 
  -4.087522e+00 
   5.426890e+00 
  -1.108858e+01 
alpha= -30.00 6 Layers 
   8.197275e+02 
   1.468048e+03 
   6.202164e+04 
   5.661958e+03 
   6.916917e+04 
   1.291294e+03 
  -6.505545e+04 
   7.464004e+04 
   4.933118e+02 
   2.700604e+03 
  -8.129626e+06 
   6.247297e+05 
   6.922618e+04 
   2.067348e+03 
  -2.979379e+05 
   6.441978e+05 
   3.745941e+02 
   3.672572e+03 
  -9.332299e+07 
   3.448471e+06 
   6.930796e+04 
   2.812176e+03 
  -1.864141e+05 
   2.417802e+06 
   0.000000e+00 
   0.000000e+00 
   0.000000e+00 
   0.000000e+00 
   0.000000e+00 
   0.000000e+00 
   0.000000e+00 
   0.000000e+00 
   0.000000e+00 
   0.000000e+00 
   0.000000e+00 
   0.000000e+00 
  -1.244332e-15 
   1.281040e+00 
  -2.422872e+00 
   2.530830e+00 
  -6.521671e+00 
   3.816814e+00 
alpha= -30.00 7 Layers 
   6.705605e+02 
   2.351985e+03 
   9.001635e+04 
  -8.855144e+03 
   6.939053e+04 
   9.012714e+02 
  -8.694798e+04 
   5.015182e+04 
   4.356294e+02 
   3.450996e+03 
  -3.666271e+06 
   3.668111e+05 
   6.928476e+04 
   1.476226e+03 
  -4.811943e+05 
   3.664570e+05 
   3.392280e+02 
   4.325534e+03 
  -4.047925e+07 
   1.978139e+06 
   6.925978e+04 
   2.035260e+03 
  -1.361311e+06 
   1.324757e+06 
   2.844358e+02 
   5.078257e+03 
  -2.015672e+08 
   6.097082e+06 
   0.000000e+00 
   0.000000e+00 
   0.000000e+00 
   0.000000e+00 
   0.000000e+00 
   0.000000e+00 
   0.000000e+00 
   0.000000e+00 
   0.000000e+00 
   0.000000e+00 
   0.000000e+00 
   0.000000e+00 
   0.000000e+00 
   0.000000e+00 
   6.157794e-16 
   1.716572e+00 
  -2.349482e+00 
   3.501064e+00 
  -6.220908e+00 
   5.751213e+00 
  -1.147980e+01 
alpha= -30.00 8 Layers 
   8.420963e+02 
   1.517669e+03 
   6.098394e+04 
   5.131205e+03 
   6.919187e+04 
   1.091561e+03 
  -3.240050e+04 
   4.545739e+04 
   5.419074e+02 
   2.488289e+03 
  -2.863064e+06 
   3.018763e+05 
   6.920076e+04 
   1.672799e+03 
  -1.849338e+05 
   2.995415e+05 
   4.200290e+02 
   3.278540e+03 
  -2.805839e+07 
   1.483888e+06 
   6.924247e+04 
   2.232042e+03 
  -3.831348e+05 
   1.029731e+06 
   3.511220e+02 
   3.967789e+03 
  -1.321597e+08 
   4.408119e+06 
   6.929548e+04 
   2.776522e+03 
  -2.981806e+05 
   2.567456e+06 
   0.000000e+00 
   0.000000e+00 
   0.000000e+00 
   0.000000e+00 
   0.000000e+00 
   0.000000e+00 
   0.000000e+00 
   0.000000e+00 
   0.000000e+00 
   0.000000e+00 
   0.000000e+00 
   0.000000e+00 
   0.000000e+00 
   0.000000e+00 
   0.000000e+00 
   0.000000e+00 
   1.804605e-16 
   1.125669e+00 
  -1.608004e+00 
   2.089754e+00 
  -4.230642e+00 
   3.213700e+00 
  -7.777338e+00 
   4.336618e+00 
alpha= -30.00 9 Layers 
   7.139842e+02 
   2.197538e+03 
   8.365151e+04 
  -6.158145e+03 
   6.939578e+04 
   8.266741e+02 
  -4.916934e+04 
   3.535539e+04 
   4.878240e+02 
   3.082668e+03 
  -1.551266e+06 
   2.003048e+05 
   6.929276e+04 
   1.285892e+03 
  -2.496834e+05 
   1.992743e+05 
   3.862254e+02 
   3.813393e+03 
  -1.504060e+07 
   9.813378e+05 
   6.925874e+04 
   1.733407e+03 
  -6.917641e+05 
   6.597598e+05 
   3.265381e+02 
   4.448771e+03 
  -6.940823e+07 
   2.871549e+06 
   6.925435e+04 
   2.171405e+03 
  -1.382692e+06 
   1.618003e+06 
   2.864142e+02 
   5.021582e+03 
  -2.242521e+08 
   6.540406e+06 
   0.000000e+00 
   0.000000e+00 
   0.000000e+00 
   0.000000e+00 
   0.000000e+00 
   0.000000e+00 
   0.000000e+00 
   0.000000e+00 
   0.000000e+00 
   0.000000e+00 
   0.000000e+00 
   0.000000e+00 
   0.000000e+00 
   0.000000e+00 
   0.000000e+00 
   0.000000e+00 
   0.000000e+00 
   0.000000e+00 
  -1.061776e-15 
   1.402418e+00 
  -1.581340e+00 
   2.610804e+00 
  -4.101496e+00 
   4.141736e+00 
  -7.482715e+00 
   5.878102e+00 
  -1.167224e+01 
alpha= -30.00 10 Layers 
   8.569730e+02 
   1.544994e+03 
   6.019536e+04 
   4.862569e+03 
   6.921607e+04 
   9.748082e+02 
  -1.667579e+04 
   3.282714e+04 
   5.806395e+02 
   2.346168e+03 
  -1.333836e+06 
   1.793231e+05 
   6.919991e+04 
   1.440049e+03 
  -1.170093e+05 
   1.734914e+05 
   4.580467e+02 
   3.017060e+03 
  -1.162680e+07 
   8.006741e+05 
   6.921789e+04 
   1.889200e+03 
  -2.886627e+05 
   5.511255e+05 
   3.863294e+02 
   3.606628e+03 
  -5.107131e+07 
   2.262155e+06 
   6.925013e+04 
   2.326749e+03 
  -4.508301e+05 
   1.318410e+06 
   3.382655e+02 
   4.141886e+03 
  -1.601387e+08 
   5.052193e+06 
   6.928893e+04 
   2.755824e+03 
  -3.930127e+05 
   2.654623e+06 
   0.000000e+00 
   0.000000e+00 
   0.000000e+00 
   0.000000e+00 
   0.000000e+00 
   0.000000e+00 
   0.000000e+00 
   0.000000e+00 
   0.000000e+00 
   0.000000e+00 
   0.000000e+00 
   0.000000e+00 
   0.000000e+00 
   0.000000e+00 
   0.000000e+00 
   0.000000e+00 
   0.000000e+00 
   0.000000e+00 
   0.000000e+00 
   0.000000e+00 
  -3.815927e-16 
   1.019951e+00 
  -1.176026e+00 
   1.775180e+00 
  -3.032994e+00 
   2.690552e+00 
  -5.515156e+00 
   3.674086e+00 
  -8.583258e+00 
   4.650673e+00 
alpha= -15.00 1 Layers 
   1.473249e+04 
   7.800828e+03 
   1.813776e+05 
  -1.170067e+05 
   0.000000e+00 
  -0.000000e+00 
   0.000000e+00 
alpha= -15.00 2 Layers 
   1.608924e+04 
   2.577445e+03 
   3.818848e+04 
   2.908392e+03 
   1.006553e+03 
   7.755876e+03 
  -2.274103e+07 
   3.208579e+06 
   0.000000e+00 
  -0.000000e+00 
   0.000000e+00 
   0.000000e+00 
   9.134002e-17 
  -9.756620e+00 
alpha= -15.00 3 Layers 
   1.529895e+04 
   3.878498e+03 
   8.423193e+04 
  -2.827072e+04 
   1.535899e+03 
   3.694178e+03 
  -8.651716e+06 
   1.303039e+06 
   1.467628e+04 
   7.050004e+03 
  -1.331126e+07 
   5.541234e+06 
   0.000000e+00 
  -0.000000e+00 
   0.000000e+00 
   0.000000e+00 
   0.000000e+00 
   0.000000e+00 
  -6.505635e-16 
  -1.256072e+00 
  -3.919509e+00 
alpha= -15.00 4 Layers 
   1.616237e+04 
   2.335371e+03 
   3.131722e+04 
   8.495480e+03 
   1.321367e+03 
   5.178149e+03 
  -2.685595e+06 
   6.026448e+05 
   1.521714e+04 
   4.423357e+03 
  -5.484456e+06 
   2.052686e+06 
   1.026279e+03 
   7.219178e+03 
  -8.120733e+07 
   7.923467e+06 
   0.000000e+00 
  -0.000000e+00 
   0.000000e+00 
   0.000000e+00 
   0.000000e+00 
   0.000000e+00 
   0.000000e+00 
   0.000000e+00 
  -1.097183e-15 
  -3.008281e+00 
   1.102228e+00 
  -1.020790e+01 
alpha= -15.00 5 Layers 
   1.561512e+04 
   3.066979e+03 
   5.956810e+04 
  -9.335121e+03 
   1.693954e+03 
   3.235414e+03 
  -1.929388e+06 
   4.290889e+05 
   1.498728e+04 
   5.138066e+03 
  -2.493259e+06 
   1.267180e+06 
   1.303250e+03 
   4.914618e+03 
  -4.103695e+07 
   4.349094e+06 
   1.467460e+04 
   6.803132e+03 
  -1.914920e+07 
   7.456611e+06 
   0.000000e+00 
  -0.000000e+00 
   0.000000e+00 
   0.000000e+00 
   0.000000e+00 
   0.000000e+00 
   0.000000e+00 
   0.000000e+00 
   0.000000e+00 
   0.000000e+00 
   3.011182e-16 
  -9.261915e-01 
  -9.002799e-01 
  -3.824382e+00 
  -3.137149e+00 
alpha= -15.00 6 Layers 
   1.621494e+04 
   2.222245e+03 
   2.768432e+04 
   1.115971e+04 
   1.513835e+03 
   4.233762e+03 
  -9.230271e+05 
   2.709026e+05 
   1.541496e+04 
   3.789237e+03 
  -1.531238e+06 
   7.137745e+05 
   1.201420e+03 
   5.789539e+03 
  -1.804301e+07 
   2.470023e+06 
   1.501210e+04 
   5.080237e+03 
  -1.075618e+07 
   3.908742e+06 
   1.036984e+03 
   7.038806e+03 
  -1.068329e+08 
   9.630566e+06 
   0.000000e+00 
  -0.000000e+00 
   0.000000e+00 
   0.000000e+00 
   0.000000e+00 
   0.000000e+00 
   0.000000e+00 
   0.000000e+00 
   0.000000e+00 
   0.000000e+00 
   0.000000e+00 
   0.000000e+00 
  -9.484517e-16 
  -1.691139e+00 
   4.859238e-01 
  -5.058835e+00 
   8.255995e-01 
  -1.015838e+01 
alpha= -15.00 7 Layers 
   1.579205e+04 
   2.728230e+03 
   4.824138e+04 
  -1.300677e+03 
   1.803438e+03 
   2.981758e+03 
  -8.213056e+05 
   2.340245e+05 
   1.520031e+04 
   4.293332e+03 
  -8.932981e+05 
   5.287318e+05 
   1.423773e+03 
   4.327310e+03 
  -1.195271e+07 
   1.705948e+06 
   1.488886e+04 
   5.572088e+03 
  -6.148794e+06 
   2.735002e+06 
   1.223940e+03 
   5.425971e+03 
  -6.561500e+07 
   6.290784e+06 
   1.467852e+04 
   6.700969e+03 
  -2.194977e+07 
   8.264335e+06 
   0.000000e+00 
  -0.000000e+00 
   0.000000e+00 
   0.000000e+00 
   0.000000e+00 
   0.000000e+00 
   0.000000e+00 
   0.000000e+00 
   0.000000e+00 
   0.000000e+00 
   0.000000e+00 
   0.000000e+00 
   0.000000e+00 
   0.000000e+00 
  -1.367775e-15 
  -7.268274e-01 
  -3.246002e-01 
  -2.513633e+00 
  -1.165789e+00 
  -5.244254e+00 
  -2.673304e+00 
alpha= -15.00 8 Layers 
   1.624627e+04 
   2.157530e+03 
   2.557715e+04 
   1.268746e+04 
   1.645655e+03 
   3.734554e+03 
  -4.637898e+05 
   1.667640e+05 
   1.554998e+04 
   3.422307e+03 
  -6.595596e+05 
   3.616017e+05 
   1.330717e+03 
   5.007684e+03 
  -6.697016e+06 
   1.152655e+06 
   1.517532e+04 
   4.477140e+03 
  -4.159304e+06 
   1.742770e+06 
   1.157512e+03 
   6.046331e+03 
  -3.548958e+07 
   4.107074e+06 
   1.492275e+04 
   5.416824e+03 
  -1.432315e+07 
   5.129585e+06 
   1.043124e+03 
   6.949071e+03 
  -1.207765e+08 
   1.050434e+07 
   0.000000e+00 
  -0.000000e+00 
   0.000000e+00 
   0.000000e+00 
   0.000000e+00 
   0.000000e+00 
   0.000000e+00 
   0.000000e+00 
   0.000000e+00 
   0.000000e+00 
   0.000000e+00 
   0.000000e+00 
   0.000000e+00 
   0.000000e+00 
   0.000000e+00 
   0.000000e+00 
  -1.500679e-15 
  -1.189858e+00 
   2.826435e-01 
  -3.206594e+00 
   4.968779e-01 
  -6.186132e+00 
   5.165715e-01 
  -1.009417e+01 
alpha= -15.00 9 Layers 
   1.590207e+04 
   2.543521e+03 
   4.175465e+04 
   3.119468e+03 
   1.883406e+03 
   2.818264e+03 
  -4.588518e+05 
   1.581147e+05 
   1.535348e+04 
   3.810279e+03 
  -4.311001e+05 
   2.918103e+05 
   1.518139e+03 
   3.951816e+03 
  -5.092582e+06 
   8.971224e+05 
   1.505006e+04 
   4.859400e+03 
  -2.743605e+06 
   1.352970e+06 
   1.316876e+03 
   4.887546e+03 
  -2.518064e+07 
   3.029767e+06 
   1.484073e+04 
   5.791529e+03 
  -9.295946e+06 
   3.876309e+06 
   1.184116e+03 
   5.707743e+03 
  -8.279643e+07 
   7.559099e+06 
   1.468197e+04 
   6.645663e+03 
  -2.357667e+07 
   8.705943e+06 
   0.000000e+00 
  -0.000000e+00 
   0.000000e+00 
   0.000000e+00 
   0.000000e+00 
   0.000000e+00 
   0.000000e+00 
   0.000000e+00 
   0.000000e+00 
   0.000000e+00 
   0.000000e+00 
   0.000000e+00 
   0.000000e+00 
   0.000000e+00 
   0.000000e+00 
   0.000000e+00 
   0.000000e+00 
   0.000000e+00 
   1.938671e-15 
  -6.123798e-01 
  -1.424609e-01 
  -1.853426e+00 
  -5.365540e-01 
  -3.694612e+00 
  -1.263098e+00 
  -6.123329e+00 
  -2.385967e+00 
alpha= -15.00 10 Layers 
   1.626567e+04 
   2.116176e+03 
   2.424475e+04 
   1.366194e+04 
   1.742386e+03 
   3.423668e+03 
  -2.801893e+05 
   1.197678e+05 
   1.564881e+04 
   3.180462e+03 
  -3.549010e+05 
   2.234415e+05 
   1.431774e+03 
   4.507696e+03 
  -3.259323e+06 
   6.665592e+05 
   1.529826e+04 
   4.077958e+03 
  -2.064038e+06 
   9.646737e+05 
   1.254279e+03 
   5.403878e+03 
  -1.571451e+07 
   2.191954e+06 
   1.505626e+04 
   4.881613e+03 
  -6.755691e+06 
   2.693406e+06 
   1.134848e+03 
   6.188165e+03 
  -5.075197e+07 
   5.376586e+06 
   1.487304e+04 
   5.621523e+03 
  -1.680241e+07 
   5.966571e+06 
   1.047060e+03 
   6.895458e+03 
  -1.295000e+08 
   1.103444e+07 
   0.000000e+00 
  -0.000000e+00 
   0.000000e+00 
   0.000000e+00 
   0.000000e+00 
   0.000000e+00 
   0.000000e+00 
   0.000000e+00 
   0.000000e+00 
   0.000000e+00 
   0.000000e+00 
   0.000000e+00 
   0.000000e+00 
   0.000000e+00 
   0.000000e+00 
   0.000000e+00 
   0.000000e+00 
   0.000000e+00 
   0.000000e+00 
   0.000000e+00 
   1.644163e-16 
  -9.369426e-01 
   1.893426e-01 
  -2.313700e+00 
   3.429061e-01 
  -4.302079e+00 
   3.879070e-01 
  -6.883841e+00 
   2.699387e-01 
  -1.004282e+01 
alpha=  0.00 1 Layers 
  -6.129502e+03 
   5.044632e-11 
   3.441504e+03 
   7.397556e-10 
   0.000000e+00 
  -0.000000e+00 
   0.000000e+00 
alpha=  0.00 2 Layers 
  -6.816065e+03 
  -3.494720e+00 
   1.428609e+04 
  -6.205883e+01 
   2.339128e+01 
   2.443218e+03 
   3.717697e+07 
  -1.583033e+05 
   0.000000e+00 
  -0.000000e+00 
   0.000000e+00 
   0.000000e+00 
  -1.137256e-15 
  -1.175168e+01 
alpha=  0.00 3 Layers 
  -6.732548e+03 
  -2.403363e+00 
   1.293966e+04 
  -4.267864e+01 
   4.475858e+01 
   1.930810e+03 
   6.010971e+06 
  -5.597269e+04 
  -6.204141e+03 
  -6.237927e-01 
   2.609917e+06 
  -8.592670e+02 
   0.000000e+00 
  -0.000000e+00 
   0.000000e+00 
   0.000000e+00 
   0.000000e+00 
   0.000000e+00 
  -1.417293e-15 
  -6.555515e+00 
   1.089493e+01 
alpha=  0.00 4 Layers 
  -6.717917e+03 
  -2.895179e+00 
   1.273171e+04 
  -5.141225e+01 
   3.189824e+01 
   2.297275e+03 
   6.151755e+06 
  -9.167993e+04 
  -6.681138e+03 
  -3.008901e+00 
  -3.784101e+05 
  -3.316616e+01 
   2.364909e+01 
   2.339290e+03 
  -8.988395e+07 
   1.830590e+05 
   0.000000e+00 
  -0.000000e+00 
   0.000000e+00 
   0.000000e+00 
   0.000000e+00 
   0.000000e+00 
   0.000000e+00 
   0.000000e+00 
  -1.954332e-15 
  -4.882803e+00 
   6.531861e+00 
  -1.436257e+01 
alpha=  0.00 5 Layers 
  -6.684179e+03 
  -2.401593e+00 
   1.218564e+04 
  -4.264721e+01 
   4.684433e+01 
   2.040286e+03 
   2.944453e+06 
  -6.108043e+04 
  -6.589321e+03 
  -2.359949e+00 
  -1.224048e+05 
  -5.793411e+01 
   3.441834e+01 
   2.081753e+03 
  -4.030204e+07 
   1.072390e+05 
  -6.258639e+03 
  -8.381740e-01 
   4.508933e+06 
  -1.154575e+03 
   0.000000e+00 
  -0.000000e+00 
   0.000000e+00 
   0.000000e+00 
   0.000000e+00 
   0.000000e+00 
   0.000000e+00 
   0.000000e+00 
   0.000000e+00 
   0.000000e+00 
  -2.098831e-15 
  -3.771361e+00 
   4.479728e+00 
  -1.008648e+01 
   1.319318e+01 
alpha=  0.00 6 Layers 
  -6.632281e+03 
  -2.608061e+00 
   1.138513e+04 
  -4.631364e+01 
   3.319651e+01 
   2.262813e+03 
   2.524489e+06 
  -6.672932e+04 
  -6.746675e+03 
  -3.142785e+00 
  -3.137392e+05 
   3.044222e+01 
   2.951099e+01 
   2.268726e+03 
   4.272825e+06 
  -3.389455e+04 
  -6.588117e+03 
  -2.541986e+00 
   5.090236e+05 
  -2.705631e+02 
   2.394440e+01 
   2.305059e+03 
  -1.928854e+08 
   3.298222e+05 
   0.000000e+00 
  -0.000000e+00 
   0.000000e+00 
   0.000000e+00 
   0.000000e+00 
   0.000000e+00 
   0.000000e+00 
   0.000000e+00 
   0.000000e+00 
   0.000000e+00 
   0.000000e+00 
   0.000000e+00 
   1.572223e-15 
  -3.268485e+00 
   3.270514e+00 
  -8.086513e+00 
   9.481730e+00 
  -1.519020e+01 
alpha=  0.00 7 Layers 
  -6.621522e+03 
  -2.307653e+00 
   1.120515e+04 
  -4.097903e+01 
   4.449296e+01 
   2.089533e+03 
   1.659819e+06 
  -5.277227e+04 
  -6.689303e+03 
  -2.708417e+00 
  -1.868928e+05 
   5.187315e+00 
   3.837311e+01 
   2.095297e+03 
   1.139397e+06 
  -2.403773e+04 
  -6.515783e+03 
  -2.106656e+00 
   4.375298e+05 
  -2.276730e+02 
   3.112546e+01 
   2.132041e+03 
  -1.044182e+08 
   2.249432e+05 
  -6.281203e+03 
  -9.213564e-01 
   5.295090e+06 
  -1.269157e+03 
   0.000000e+00 
  -0.000000e+00 
   0.000000e+00 
   0.000000e+00 
   0.000000e+00 
   0.000000e+00 
   0.000000e+00 
   0.000000e+00 
   0.000000e+00 
   0.000000e+00 
   0.000000e+00 
   0.000000e+00 
   0.000000e+00 
   0.000000e+00 
  -3.209372e-15 
  -2.813595e+00 
   2.546228e+00 
  -6.488512e+00 
   7.282582e+00 
  -1.182549e+01 
   1.416175e+01 
alpha=  0.00 8 Layers 
  -6.571322e+03 
  -2.434459e+00 
   1.042784e+04 
  -4.323084e+01 
   3.088630e+01 
   2.250349e+03 
   1.490480e+06 
  -5.520013e+04 
  -6.754335e+03 
  -3.100800e+00 
  -2.111659e+05 
   2.394124e+01 
   3.297124e+01 
   2.239549e+03 
   5.326076e+06 
  -5.623262e+04 
  -6.679588e+03 
  -2.901065e+00 
  -2.247874e+05 
  -2.907277e+01 
   2.819735e+01 
   2.257492e+03 
  -1.889021e+07 
   4.536268e+04 
  -6.532788e+03 
  -2.247548e+00 
   1.417041e+06 
  -4.706956e+02 
   2.413332e+01 
   2.287923e+03 
  -2.563906e+08 
   4.099941e+05 
   0.000000e+00 
  -0.000000e+00 
   0.000000e+00 
   0.000000e+00 
   0.000000e+00 
   0.000000e+00 
   0.000000e+00 
   0.000000e+00 
   0.000000e+00 
   0.000000e+00 
   0.000000e+00 
   0.000000e+00 
   0.000000e+00 
   0.000000e+00 
   0.000000e+00 
   0.000000e+00 
  -1.240293e-15 
  -2.591429e+00 
   2.029146e+00 
  -5.616576e+00 
   5.754053e+00 
  -9.990169e+00 
   1.110172e+01 
  -1.559703e+01 
alpha=  0.00 9 Layers 
  -6.571216e+03 
  -2.225581e+00 
   1.041764e+04 
  -3.952161e+01 
   3.995682e+01 
   2.119566e+03 
   1.130601e+06 
  -4.708822e+04 
  -6.715672e+03 
  -2.786504e+00 
  -1.487507e+05 
   9.315101e+00 
   4.045902e+01 
   2.108158e+03 
   3.141732e+06 
  -4.479554e+04 
  -6.628403e+03 
  -2.560591e+00 
  -1.157513e+05 
  -4.294525e+01 
   3.447695e+01 
   2.126580e+03 
  -1.362177e+07 
   3.487677e+04 
  -6.474401e+03 
  -1.924203e+00 
   1.115429e+06 
  -3.919750e+02 
   2.951624e+01 
   2.157318e+03 
  -1.583197e+08 
   3.050167e+05 
  -6.293153e+03 
  -9.648595e-01 
   5.711463e+06 
  -1.329082e+03 
   0.000000e+00 
  -0.000000e+00 
   0.000000e+00 
   0.000000e+00 
   0.000000e+00 
   0.000000e+00 
   0.000000e+00 
   0.000000e+00 
   0.000000e+00 
   0.000000e+00 
   0.000000e+00 
   0.000000e+00 
   0.000000e+00 
   0.000000e+00 
   0.000000e+00 
   0.000000e+00 
   0.000000e+00 
   0.000000e+00 
   3.996054e-15 
  -2.346400e+00 
   1.685627e+00 
  -4.820494e+00 
   4.730055e+00 
  -8.353594e+00 
   9.063153e+00 
  -1.285199e+01 
   1.469453e+01 
alpha=  0.00 10 Layers 
  -6.526970e+03 
  -2.317842e+00 
   9.731733e+03 
  -4.115996e+01 
   2.676633e+01 
   2.246121e+03 
   1.051280e+06 
  -4.869698e+04 
  -6.743532e+03 
  -3.027908e+00 
  -1.512716e+05 
   1.445072e+01 
   3.476277e+01 
   2.224544e+03 
   3.679420e+06 
  -5.597569e+04 
  -6.720807e+03 
  -3.018407e+00 
  -2.812250e+05 
   2.104370e+01 
   3.127188e+01 
   2.233064e+03 
   1.723134e+06 
  -2.286153e+04 
  -6.624699e+03 
  -2.665433e+00 
   1.118338e+05 
  -1.335578e+02 
   2.744712e+01 
   2.251620e+03 
  -5.045141e+07 
   1.172904e+05 
  -6.496718e+03 
  -2.050564e+00 
   2.154962e+06 
  -6.222254e+02 
   2.425993e+01 
   2.277605e+03 
  -2.983657e+08 
   4.603670e+05 
   0.000000e+00 
  -0.000000e+00 
   0.000000e+00 
   0.000000e+00 
   0.000000e+00 
   0.000000e+00 
   0.000000e+00 
   0.000000e+00 
   0.000000e+00 
   0.000000e+00 
   0.000000e+00 
   0.000000e+00 
   0.000000e+00 
   0.000000e+00 
   0.000000e+00 
   0.000000e+00 
   0.000000e+00 
   0.000000e+00 
   0.000000e+00 
   0.000000e+00 
   7.510289e-16 
  -2.227668e+00 
   1.410861e+00 
  -4.355761e+00 
   3.941139e+00 
  -7.378244e+00 
   7.510206e+00 
  -1.122302e+01 
   1.211965e+01 
  -1.583880e+01 
alpha= 15.00 1 Layers 
   1.473249e+04 
   7.800828e+03 
   1.813776e+05 
  -1.170067e+05 
   0.000000e+00 
  -0.000000e+00 
   0.000000e+00 
alpha= 15.00 2 Layers 
   1.604896e+04 
   5.262588e+03 
   9.672002e+04 
  -5.683170e+04 
   8.414219e-01 
  -1.804394e+02 
   1.368958e+09 
  -5.515673e+05 
   0.000000e+00 
  -0.000000e+00 
   0.000000e+00 
   0.000000e+00 
  -1.940620e-16 
  -6.384423e+00 
alpha= 15.00 3 Layers 
   1.663268e+04 
   6.191048e+03 
   1.032477e+05 
  -7.575712e+04 
  -2.954309e+00 
   3.353787e+03 
   2.931188e+08 
  -2.832917e+05 
   1.500730e+04 
   7.560423e+03 
  -2.855855e+07 
   2.652035e+06 
   0.000000e+00 
  -0.000000e+00 
   0.000000e+00 
   0.000000e+00 
   0.000000e+00 
   0.000000e+00 
  -3.243011e-16 
  -2.564811e+00 
  -3.150782e+00 
alpha= 15.00 4 Layers 
   1.692984e+04 
   5.232729e+03 
   7.587073e+04 
  -5.361692e+04 
  -3.179178e+00 
   2.026418e+03 
   8.406810e+07 
  -1.625168e+05 
   1.556449e+04 
   6.414491e+03 
  -1.001130e+07 
   1.084165e+06 
   7.513962e-01 
   2.927064e+02 
   6.662965e+09 
  -1.031410e+06 
   0.000000e+00 
  -0.000000e+00 
   0.000000e+00 
   0.000000e+00 
   0.000000e+00 
   0.000000e+00 
   0.000000e+00 
   0.000000e+00 
   7.894962e-16 
  -2.072065e+00 
  -1.397903e+00 
  -1.063526e+01 
alpha= 15.00 5 Layers 
   1.730096e+04 
   5.795292e+03 
   7.942580e+04 
  -6.503350e+04 
  -8.505436e+00 
   3.536182e+03 
   4.370669e+07 
  -1.336585e+05 
   1.569696e+04 
   6.748902e+03 
  -6.105022e+06 
   6.199560e+05 
  -6.910197e-01 
   2.361832e+03 
   2.665307e+09 
  -6.524344e+05 
   1.510954e+04 
   7.501934e+03 
  -3.850126e+07 
   3.441396e+06 
   0.000000e+00 
  -0.000000e+00 
   0.000000e+00 
   0.000000e+00 
   0.000000e+00 
   0.000000e+00 
   0.000000e+00 
   0.000000e+00 
   0.000000e+00 
   0.000000e+00 
  -1.428682e-15 
  -1.354374e+00 
  -2.013783e+00 
  -6.826136e+00 
  -3.516665e+00 
alpha= 15.00 6 Layers 
   1.741710e+04 
   5.198702e+03 
   6.396206e+04 
  -5.144982e+04 
  -1.023850e+01 
   2.651361e+03 
   2.276650e+07 
  -1.001578e+05 
   1.595651e+04 
   6.081831e+03 
  -3.421148e+06 
   3.645806e+05 
  -4.594462e-01 
   1.591191e+03 
   9.851971e+08 
  -4.169490e+05 
   1.543635e+04 
   6.760160e+03 
  -1.935968e+07 
   1.940237e+06 
   7.005426e-01 
   4.395438e+02 
   9.119445e+09 
  -1.190784e+06 
   0.000000e+00 
  -0.000000e+00 
   0.000000e+00 
   0.000000e+00 
   0.000000e+00 
   0.000000e+00 
   0.000000e+00 
   0.000000e+00 
   0.000000e+00 
   0.000000e+00 
   0.000000e+00 
   0.000000e+00 
  -7.288223e-16 
  -1.275122e+00 
  -1.397545e+00 
  -5.323768e+00 
  -2.100394e+00 
  -1.208647e+01 
alpha= 15.00 7 Layers 
   1.768485e+04 
   5.605862e+03 
   6.655480e+04 
  -5.971516e+04 
  -1.632860e+01 
   3.587514e+03 
   1.597669e+07 
  -9.476412e+04 
   1.611290e+04 
   6.359446e+03 
  -2.476940e+06 
   2.398812e+05 
  -2.312455e+00 
   2.804891e+03 
   5.303481e+08 
  -3.194039e+05 
   1.547388e+04 
   6.961994e+03 
  -1.386735e+07 
   1.335864e+06 
  -1.664444e-01 
   1.913169e+03 
   4.947142e+09 
  -8.596563e+05 
   1.514335e+04 
   7.474174e+03 
  -4.199248e+07 
   3.767908e+06 
   0.000000e+00 
  -0.000000e+00 
   0.000000e+00 
   0.000000e+00 
   0.000000e+00 
   0.000000e+00 
   0.000000e+00 
   0.000000e+00 
   0.000000e+00 
   0.000000e+00 
   0.000000e+00 
   0.000000e+00 
   0.000000e+00 
   0.000000e+00 
  -1.001189e-15 
  -1.014904e+00 
  -1.556269e+00 
  -3.988125e+00 
  -2.868883e+00 
  -8.968724e+00 
  -3.545943e+00 
alpha= 15.00 8 Layers 
   1.773338e+04 
   5.173649e+03 
   5.616870e+04 
  -4.997733e+04 
  -1.876544e+01 
   2.933191e+03 
   1.058184e+07 
  -7.852654e+04 
   1.627300e+04 
   5.890192e+03 
  -1.678782e+06 
   1.635009e+05 
  -2.510306e+00 
   2.194827e+03 
   2.715721e+08 
  -2.378089e+05 
   1.567749e+04 
   6.451417e+03 
  -8.731524e+06 
   8.962184e+05 
   6.092939e-02 
   1.374719e+03 
   2.318673e+09 
  -6.096427e+05 
   1.537663e+04 
   6.925700e+03 
  -2.525784e+07 
   2.472662e+06 
   6.703464e-01 
   5.114114e+02 
   1.051013e+10 
  -1.271209e+06 
   0.000000e+00 
  -0.000000e+00 
   0.000000e+00 
   0.000000e+00 
   0.000000e+00 
   0.000000e+00 
   0.000000e+00 
   0.000000e+00 
   0.000000e+00 
   0.000000e+00 
   0.000000e+00 
   0.000000e+00 
   0.000000e+00 
   0.000000e+00 
   0.000000e+00 
   0.000000e+00 
  -1.249777e-15 
  -9.969351e-01 
  -1.224847e+00 
  -3.406390e+00 
  -2.126995e+00 
  -7.360559e+00 
  -2.422644e+00 
  -1.280842e+01 
alpha= 15.00 9 Layers 
   1.794146e+04 
   5.493069e+03 
   5.824792e+04 
  -5.646725e+04 
  -2.517658e+01 
   3.606655e+03 
   8.518521e+06 
  -7.832243e+04 
   1.641656e+04 
   6.126816e+03 
  -1.335750e+06 
   1.122739e+05 
  -4.678454e+00 
   3.033649e+03 
   1.743446e+08 
  -2.019740e+05 
   1.575596e+04 
   6.631785e+03 
  -6.722986e+06 
   6.688903e+05 
  -9.907343e-01 
   2.369889e+03 
   1.433542e+09 
  -4.855223e+05 
   1.538255e+04 
   7.070659e+03 
  -1.978148e+07 
   1.867044e+06 
   5.381526e-02 
   1.656861e+03 
   6.654885e+09 
  -9.882775e+05 
   1.515943e+04 
   7.458054e+03 
  -4.372394e+07 
   3.945911e+06 
   0.000000e+00 
  -0.000000e+00 
   0.000000e+00 
   0.000000e+00 
   0.000000e+00 
   0.000000e+00 
   0.000000e+00 
   0.000000e+00 
   0.000000e+00 
   0.000000e+00 
   0.000000e+00 
   0.000000e+00 
   0.000000e+00 
   0.000000e+00 
   0.000000e+00 
   0.000000e+00 
   0.000000e+00 
   0.000000e+00 
   1.344112e-15 
  -8.748633e-01 
  -1.292297e+00 
  -2.774650e+00 
  -2.380035e+00 
  -5.905943e+00 
  -3.217919e+00 
  -1.022279e+01 
  -3.525269e+00 
alpha= 15.00 10 Layers 
   1.795681e+04 
   5.155034e+03 
   5.064340e+04 
  -4.891673e+04 
  -2.789136e+01 
   3.090512e+03 
   6.380101e+06 
  -6.819128e+04 
   1.652633e+04 
   5.765386e+03 
  -1.002179e+06 
   8.229592e+04 
  -5.196008e+00 
   2.535659e+03 
   1.068413e+08 
  -1.634904e+05 
   1.590016e+04 
   6.244143e+03 
  -4.769720e+06 
   4.930458e+05 
  -9.555865e-01 
   1.910183e+03 
   8.149501e+08 
  -3.766846e+05 
   1.554805e+04 
   6.658336e+03 
  -1.356454e+07 
   1.355723e+06 
   2.513660e-01 
   1.244538e+03 
   3.622705e+09 
  -7.494527e+05 
   1.534163e+04 
   7.022914e+03 
  -2.921817e+07 
   2.828152e+06 
   6.503961e-01 
   5.540151e+02 
   1.140731e+10 
  -1.319821e+06 
   0.000000e+00 
  -0.000000e+00 
   0.000000e+00 
   0.000000e+00 
   0.000000e+00 
   0.000000e+00 
   0.000000e+00 
   0.000000e+00 
   0.000000e+00 
   0.000000e+00 
   0.000000e+00 
   0.000000e+00 
   0.000000e+00 
   0.000000e+00 
   0.000000e+00 
   0.000000e+00 
   0.000000e+00 
   0.000000e+00 
   0.000000e+00 
   0.000000e+00 
   2.876707e-15 
  -8.691254e-01 
  -1.080280e+00 
  -2.489332e+00 
  -1.920908e+00 
  -5.114167e+00 
  -2.506376e+00 
  -8.701167e+00 
  -2.601908e+00 
  -1.323654e+01 
alpha= 30.00 1 Layers 
   2.724712e+02 
   6.019807e+03 
   1.874324e+05 
  -6.705096e+04 
   0.000000e+00 
   0.000000e+00 
   0.000000e+00 
alpha= 30.00 2 Layers 
   6.320602e+02 
   4.618610e+03 
   1.326051e+05 
  -4.290058e+04 
   4.629790e-02 
  -6.369010e+02 
   6.561962e+09 
  -1.923567e+05 
   0.000000e+00 
   0.000000e+00 
   0.000000e+00 
   0.000000e+00 
  -4.711689e-17 
  -1.361126e+00 
alpha= 30.00 3 Layers 
   6.200692e+02 
   6.735016e+03 
   1.703380e+05 
  -7.446822e+04 
  -1.302981e+00 
   2.302099e+03 
   7.611865e+08 
  -6.131165e+04 
   2.974908e+02 
   6.313010e+03 
  -1.778046e+08 
  -3.351066e+05 
   0.000000e+00 
   0.000000e+00 
   0.000000e+00 
   0.000000e+00 
   0.000000e+00 
   0.000000e+00 
  -3.813001e-16 
   1.151405e+00 
  -6.963846e+00 
alpha= 30.00 4 Layers 
   7.833591e+02 
   5.872130e+03 
   1.415099e+05 
  -6.013347e+04 
  -1.482941e+00 
   1.566186e+03 
   1.974742e+08 
  -4.150807e+04 
   4.501653e+02 
   5.874868e+03 
  -5.123708e+07 
   1.781100e+04 
   2.038412e-02 
  -1.168137e+02 
   4.928261e+10 
  -3.998904e+05 
   0.000000e+00 
   0.000000e+00 
   0.000000e+00 
   0.000000e+00 
   0.000000e+00 
   0.000000e+00 
   0.000000e+00 
   0.000000e+00 
   1.732010e-16 
   5.970820e-01 
  -3.404291e+00 
  -3.989744e+00 
alpha= 30.00 5 Layers 
   7.317943e+02 
   7.028483e+03 
   1.659466e+05 
  -7.779735e+04 
  -3.127139e+00 
   2.575754e+03 
   6.957295e+07 
  -2.755878e+04 
   4.415240e+02 
   6.565862e+03 
  -2.174471e+07 
  -1.415679e+05 
  -5.253453e-01 
   1.748828e+03 
   1.476520e+10 
  -2.020246e+05 
   3.142482e+02 
   6.504126e+03 
  -2.975861e+08 
  -4.840256e+05 
   0.000000e+00 
   0.000000e+00 
   0.000000e+00 
   0.000000e+00 
   0.000000e+00 
   0.000000e+00 
   0.000000e+00 
   0.000000e+00 
   0.000000e+00 
   0.000000e+00 
  -5.584253e-16 
   1.072875e+00 
  -2.804221e+00 
  -9.256701e-01 
  -8.529558e+00 
alpha= 30.00 6 Layers 
   8.456022e+02 
   6.358263e+03 
   1.446605e+05 
  -6.678365e+04 
  -3.934836e+00 
   2.032094e+03 
   3.544528e+07 
  -2.417262e+04 
   5.348183e+02 
   6.060182e+03 
  -1.113455e+07 
  -9.321215e+04 
  -4.479063e-01 
   1.255875e+03 
   4.916465e+09 
  -1.406069e+05 
   4.081348e+02 
   6.193346e+03 
  -1.282393e+08 
  -7.362984e+03 
   2.581925e-03 
   4.343131e+01 
   7.411455e+10 
  -4.687878e+05 
   0.000000e+00 
   0.000000e+00 
   0.000000e+00 
   0.000000e+00 
   0.000000e+00 
   0.000000e+00 
   0.000000e+00 
   0.000000e+00 
   0.000000e+00 
   0.000000e+00 
   0.000000e+00 
   0.000000e+00 
  -6.139433e-16 
   7.506645e-01 
  -1.987800e+00 
  -9.062291e-01 
  -5.288374e+00 
  -4.871011e+00 
alpha= 30.00 7 Layers 
   7.839582e+02 
   7.156213e+03 
   1.637351e+05 
  -7.921365e+04 
  -5.497799e+00 
   2.597379e+03 
   1.850771e+07 
  -2.120221e+04 
   5.302512e+02 
   6.649785e+03 
  -6.150875e+06 
  -1.237401e+05 
  -1.088749e+00 
   2.181217e+03 
   2.149788e+09 
  -9.178838e+04 
   3.964780e+02 
   6.539488e+03 
  -7.178049e+07 
  -2.531893e+05 
  -3.332619e-01 
   1.417822e+03 
   3.304853e+10 
  -2.906692e+05 
   3.211376e+02 
   6.565545e+03 
  -3.486809e+08 
  -4.454716e+05 
   0.000000e+00 
   0.000000e+00 
   0.000000e+00 
   0.000000e+00 
   0.000000e+00 
   0.000000e+00 
   0.000000e+00 
   0.000000e+00 
   0.000000e+00 
   0.000000e+00 
   0.000000e+00 
   0.000000e+00 
   0.000000e+00 
   0.000000e+00 
  -1.608151e-15 
   9.520519e-01 
  -1.676015e+00 
   1.017730e-01 
  -4.766534e+00 
  -2.224749e+00 
  -9.030242e+00 
alpha= 30.00 8 Layers 
   8.743943e+02 
   6.620941e+03 
   1.467737e+05 
  -7.042176e+04 
  -6.667536e+00 
   2.190941e+03 
   1.248163e+07 
  -1.993596e+04 
   6.005582e+02 
   6.221893e+03 
  -3.960652e+06 
  -1.016782e+05 
  -1.181484e+00 
   1.778137e+03 
   1.037944e+09 
  -7.337521e+04 
   4.632477e+02 
   6.194715e+03 
  -4.132852e+07 
  -1.392191e+05 
  -2.506991e-01 
   1.055405e+03 
   1.408613e+10 
  -2.193222e+05 
   3.890732e+02 
   6.331463e+03 
  -1.855932e+08 
  -1.049499e+04 
  -8.252193e-03 
   1.180502e+02 
   8.870190e+10 
  -5.021541e+05 
   0.000000e+00 
   0.000000e+00 
   0.000000e+00 
   0.000000e+00 
   0.000000e+00 
   0.000000e+00 
   0.000000e+00 
   0.000000e+00 
   0.000000e+00 
   0.000000e+00 
   0.000000e+00 
   0.000000e+00 
   0.000000e+00 
   0.000000e+00 
   0.000000e+00 
   0.000000e+00 
   1.177940e-15 
   7.432096e-01 
  -1.346371e+00 
  -2.683140e-02 
  -3.586935e+00 
  -1.996593e+00 
  -6.310518e+00 
  -5.283042e+00 
alpha= 30.00 9 Layers 
   8.127236e+02 
   7.230798e+03 
   1.625876e+05 
  -8.005634e+04 
  -7.987189e+00 
   2.573883e+03 
   7.950168e+06 
  -1.946030e+04 
   5.934542e+02 
   6.712372e+03 
  -2.492795e+06 
  -1.153087e+05 
  -1.873283e+00 
   2.358649e+03 
   5.630166e+08 
  -5.543878e+04 
   4.587264e+02 
   6.561163e+03 
  -2.626669e+07 
  -1.915098e+05 
  -6.310367e-01 
   1.867820e+03 
   7.473882e+09 
  -1.553547e+05 
   3.774782e+02 
   6.538742e+03 
  -1.203807e+08 
  -3.091448e+05 
  -2.500132e-01 
   1.206862e+03 
   4.841019e+10 
  -3.478147e+05 
   3.247516e+02 
   6.591837e+03 
  -3.761228e+08 
  -3.907699e+05 
   0.000000e+00 
   0.000000e+00 
   0.000000e+00 
   0.000000e+00 
   0.000000e+00 
   0.000000e+00 
   0.000000e+00 
   0.000000e+00 
   0.000000e+00 
   0.000000e+00 
   0.000000e+00 
   0.000000e+00 
   0.000000e+00 
   0.000000e+00 
   0.000000e+00 
   0.000000e+00 
   0.000000e+00 
   0.000000e+00 
   2.359152e-16 
   8.582282e-01 
  -1.173171e+00 
   4.497447e-01 
  -3.188346e+00 
  -8.330755e-01 
  -5.936098e+00 
  -3.035614e+00 
  -9.253796e+00 
alpha= 30.00 10 Layers 
   8.890023e+02 
   6.787488e+03 
   1.484231e+05 
  -7.276217e+04 
  -9.354608e+00 
   2.255655e+03 
   6.205715e+06 
  -1.867025e+04 
   6.508641e+02 
   6.349896e+03 
  -1.808810e+06 
  -1.011150e+05 
  -2.106488e+00 
   2.028051e+03 
   3.318837e+08 
  -4.795135e+04 
   5.119433e+02 
   6.248664e+03 
  -1.755775e+07 
  -1.439481e+05 
  -6.219265e-01 
   1.555512e+03 
   4.003333e+09 
  -1.268288e+05 
   4.298044e+02 
   6.282093e+03 
  -7.622432e+07 
  -1.617972e+05 
  -1.773924e-01 
   9.224688e+02 
   2.425107e+10 
  -2.770293e+05 
   3.780815e+02 
   6.406597e+03 
  -2.273347e+08 
  -8.554849e+03 
  -1.545813e-02 
   1.606330e+02 
   9.824265e+10 
  -5.217115e+05 
   0.000000e+00 
   0.000000e+00 
   0.000000e+00 
   0.000000e+00 
   0.000000e+00 
   0.000000e+00 
   0.000000e+00 
   0.000000e+00 
   0.000000e+00 
   0.000000e+00 
   0.000000e+00 
   0.000000e+00 
   0.000000e+00 
   0.000000e+00 
   0.000000e+00 
   0.000000e+00 
   0.000000e+00 
   0.000000e+00 
   0.000000e+00 
   0.000000e+00 
   5.668600e-16 
   7.101046e-01 
  -1.003632e+00 
   3.131773e-01 
  -2.612678e+00 
  -8.213892e-01 
  -4.673556e+00 
  -2.742672e+00 
  -6.946312e+00 
  -5.515882e+00 
alpha= 45.00 1 Layers 
   7.315930e+00 
   1.038426e+03 
   1.294608e+05 
  -1.198199e+04 
   0.000000e+00 
   0.000000e+00 
   0.000000e+00 
alpha= 45.00 2 Layers 
   4.124853e+01 
   1.496720e+03 
   1.359730e+05 
  -1.715943e+04 
   3.639210e-03 
  -2.859270e+01 
   1.039721e+10 
  -2.022360e+04 
   0.000000e+00 
   0.000000e+00 
   0.000000e+00 
   0.000000e+00 
  -3.651048e-19 
   1.764452e+00 
alpha= 45.00 3 Layers 
   4.138123e+01 
   2.837301e+03 
   1.849329e+05 
  -3.313816e+04 
  -5.376594e-01 
   4.224266e+02 
   8.225997e+08 
  -3.914037e+03 
   8.480352e+00 
   1.605202e+03 
  -1.247898e+09 
  -8.363746e+05 
   0.000000e+00 
   0.000000e+00 
   0.000000e+00 
   0.000000e+00 
   0.000000e+00 
   0.000000e+00 
   8.223773e-16 
   1.773934e+00 
  -5.785521e+00 
alpha= 45.00 4 Layers 
   5.612570e+01 
   2.787178e+03 
   1.786518e+05 
  -3.241667e+04 
  -6.446300e-01 
   3.919245e+02 
   1.704508e+08 
  -2.556739e+03 
   2.059660e+01 
   2.144531e+03 
  -2.762701e+08 
  -2.748092e+05 
  -7.955640e-03 
   7.597803e+01 
   9.175290e+10 
  -4.602459e+04 
   0.000000e+00 
   0.000000e+00 
   0.000000e+00 
   0.000000e+00 
   0.000000e+00 
   0.000000e+00 
   0.000000e+00 
   0.000000e+00 
   9.835908e-16 
   1.346147e+00 
  -2.886850e+00 
   1.329011e+00 
alpha= 45.00 5 Layers 
   4.257591e+01 
   3.354320e+03 
   2.034701e+05 
  -3.929103e+04 
  -1.227050e+00 
   5.092613e+02 
   3.554387e+07 
  -1.232661e+03 
   1.994722e+01 
   2.619421e+03 
  -8.647487e+07 
  -1.944555e+05 
  -2.326177e-01 
   4.016897e+02 
   2.304838e+10 
  -1.783677e+04 
   9.482018e+00 
   1.910430e+03 
  -2.518357e+09 
  -1.187249e+06 
   0.000000e+00 
   0.000000e+00 
   0.000000e+00 
   0.000000e+00 
   0.000000e+00 
   0.000000e+00 
   0.000000e+00 
   0.000000e+00 
   0.000000e+00 
   0.000000e+00 
  -1.513768e-15 
   1.333463e+00 
  -2.044776e+00 
   1.900782e+00 
  -7.098891e+00 
alpha= 45.00 6 Layers 
   5.028607e+01 
   3.187723e+03 
   1.950543e+05 
  -3.724032e+04 
  -1.498775e+00 
   4.593108e+02 
   1.380987e+07 
  -1.343987e+03 
   2.851202e+01 
   2.614563e+03 
  -3.690956e+07 
  -1.247649e+05 
  -2.089206e-01 
   3.611023e+02 
   7.159915e+09 
  -1.273419e+04 
   1.681262e+01 
   2.261669e+03 
  -9.193756e+08 
  -5.247019e+05 
  -1.588310e-02 
   1.106167e+02 
   1.454079e+11 
  -5.480308e+04 
   0.000000e+00 
   0.000000e+00 
   0.000000e+00 
   0.000000e+00 
   0.000000e+00 
   0.000000e+00 
   0.000000e+00 
   0.000000e+00 
   0.000000e+00 
   0.000000e+00 
   0.000000e+00 
   0.000000e+00 
  -4.283786e-16 
   1.154290e+00 
  -1.415768e+00 
   1.522475e+00 
  -4.388203e+00 
   1.218753e+00 
alpha= 45.00 7 Layers 
   3.077468e+01 
   3.526399e+03 
   2.133208e+05 
  -4.144150e+04 
  -1.889982e+00 
   5.146428e+02 
   1.170253e+06 
  -1.158723e+03 
   2.796701e+01 
   2.964805e+03 
  -1.583356e+07 
  -1.007790e+05 
  -4.584785e-01 
   4.871657e+02 
   2.746043e+09 
  -6.696827e+03 
   1.578233e+01 
   2.475323e+03 
  -4.187033e+08 
  -4.288489e+05 
  -1.558455e-01 
   3.628371e+02 
   5.725116e+10 
  -2.813473e+04 
   9.948875e+00 
   2.023308e+03 
  -3.142222e+09 
  -1.293043e+06 
   0.000000e+00 
   0.000000e+00 
   0.000000e+00 
   0.000000e+00 
   0.000000e+00 
   0.000000e+00 
   0.000000e+00 
   0.000000e+00 
   0.000000e+00 
   0.000000e+00 
   0.000000e+00 
   0.000000e+00 
   0.000000e+00 
   0.000000e+00 
   8.544499e-16 
   1.165035e+00 
  -1.055155e+00 
   1.638862e+00 
  -3.580178e+00 
   1.817788e+00 
  -7.519454e+00 
alpha= 45.00 8 Layers 
   3.594357e+01 
   3.363976e+03 
   2.058243e+05 
  -3.946192e+04 
  -2.182943e+00 
   4.722431e+02 
   7.799511e+04 
  -1.320136e+03 
   3.468854e+01 
   2.882401e+03 
  -8.797110e+06 
  -8.080658e+04 
  -4.978815e-01 
   4.472805e+02 
   1.249145e+09 
  -5.452242e+03 
   2.155628e+01 
   2.520932e+03 
  -2.123272e+08 
  -2.756574e+05 
  -1.252678e-01 
   3.261992e+02 
   2.326744e+10 
  -2.196681e+04 
   1.520600e+01 
   2.290381e+03 
  -1.479915e+09 
  -6.857692e+05 
  -2.065410e-02 
   1.261736e+02 
   1.774168e+11 
  -5.881441e+04 
   0.000000e+00 
   0.000000e+00 
   0.000000e+00 
   0.000000e+00 
   0.000000e+00 
   0.000000e+00 
   0.000000e+00 
   0.000000e+00 
   0.000000e+00 
   0.000000e+00 
   0.000000e+00 
   0.000000e+00 
   0.000000e+00 
   0.000000e+00 
   0.000000e+00 
   0.000000e+00 
   5.986122e-16 
   1.062888e+00 
  -8.180493e-01 
   1.430336e+00 
  -2.657164e+00 
   1.518835e+00 
  -5.215926e+00 
   1.194038e+00 
alpha= 45.00 9 Layers 
   1.468027e+01 
   3.602160e+03 
   2.209464e+05 
  -4.247998e+04 
  -2.288238e+00 
   5.059661e+02 
  -2.393754e+06 
  -1.347622e+03 
   3.332816e+01 
   3.143490e+03 
  -4.199221e+06 
  -7.225895e+04 
  -7.469912e-01 
   5.152061e+02 
   6.012004e+08 
  -3.427966e+03 
   2.114751e+01 
   2.750378e+03 
  -1.149472e+08 
  -2.250925e+05 
  -2.776909e-01 
   4.484998e+02 
   1.123383e+10 
  -1.338208e+04 
   1.418239e+01 
   2.395276e+03 
  -8.190371e+08 
  -6.094017e+05 
  -1.220778e-01 
   3.316690e+02 
   8.794080e+10 
  -3.516981e+04 
   1.020697e+01 
   2.077045e+03 
  -3.496467e+09 
  -1.334503e+06 
   0.000000e+00 
   0.000000e+00 
   0.000000e+00 
   0.000000e+00 
   0.000000e+00 
   0.000000e+00 
   0.000000e+00 
   0.000000e+00 
   0.000000e+00 
   0.000000e+00 
   0.000000e+00 
   0.000000e+00 
   0.000000e+00 
   0.000000e+00 
   0.000000e+00 
   0.000000e+00 
   0.000000e+00 
   0.000000e+00 
   6.831897e-16 
   1.080579e+00 
  -6.309748e-01 
   1.475086e+00 
  -2.176313e+00 
   1.713138e+00 
  -4.549919e+00 
   1.741432e+00 
  -7.702446e+00 
alpha= 45.00 10 Layers 
   1.904533e+01 
   3.458835e+03 
   2.143906e+05 
  -4.073481e+04 
  -2.536659e+00 
   4.714781e+02 
  -1.894709e+06 
  -1.470237e+03 
   3.877000e+01 
   3.048965e+03 
  -2.632298e+06 
  -6.383344e+04 
  -8.292644e-01 
   4.797316e+02 
   3.352270e+08 
  -3.098570e+03 
   2.602569e+01 
   2.720640e+03 
  -6.927339e+07 
  -1.705571e+05 
  -2.766766e-01 
   4.163088e+02 
   5.773590e+09 
  -1.108070e+04 
   1.855621e+01 
   2.464557e+03 
  -4.696457e+08 
  -4.109550e+05 
  -9.397896e-02 
   2.998227e+02 
   4.245712e+10 
  -2.896933e+04 
   1.430963e+01 
   2.295910e+03 
  -1.918037e+09 
  -7.953599e+05 
  -2.379740e-02 
   1.347543e+02 
   1.984162e+11 
  -6.105599e+04 
   0.000000e+00 
   0.000000e+00 
   0.000000e+00 
   0.000000e+00 
   0.000000e+00 
   0.000000e+00 
   0.000000e+00 
   0.000000e+00 
   0.000000e+00 
   0.000000e+00 
   0.000000e+00 
   0.000000e+00 
   0.000000e+00 
   0.000000e+00 
   0.000000e+00 
   0.000000e+00 
   0.000000e+00 
   0.000000e+00 
   0.000000e+00 
   0.000000e+00 
   9.718090e-16 
   1.012228e+00 
  -5.184803e-01 
   1.338205e+00 
  -1.750667e+00 
   1.521943e+00 
  -3.543569e+00 
   1.495794e+00 
  -5.734807e+00 
   1.193501e+00 
alpha= 60.00 1 Layers 
   2.836484e-01 
  -1.241027e+03 
  -2.438628e+04 
   1.059716e+04 
   0.000000e+00 
   0.000000e+00 
   0.000000e+00 
alpha= 60.00 2 Layers 
   2.478833e+00 
   2.032379e+02 
   9.588745e+04 
  -4.600829e+03 
   7.369026e-03 
  -4.102937e+02 
   3.863041e+09 
  -1.255275e+03 
   0.000000e+00 
   0.000000e+00 
   0.000000e+00 
   0.000000e+00 
   1.063386e-16 
   1.311481e+00 
alpha= 60.00 3 Layers 
   3.427145e+00 
   3.902156e+02 
   1.108629e+05 
  -6.564735e+03 
  -2.942342e-01 
  -4.614017e+02 
   3.572834e+08 
  -2.914578e+03 
   3.431350e-01 
  -7.357023e+02 
  -3.933993e+09 
  -2.900222e+05 
   0.000000e+00 
   0.000000e+00 
   0.000000e+00 
   0.000000e+00 
   0.000000e+00 
   0.000000e+00 
   4.364563e-16 
   7.742380e-01 
  -3.008433e+00 
alpha= 60.00 4 Layers 
   3.025874e+00 
   6.857420e+02 
   1.362359e+05 
  -9.679241e+03 
  -3.289380e-01 
  -5.443569e+02 
   4.326172e+07 
  -2.253520e+03 
   1.060064e+00 
   4.671479e+01 
  -6.172504e+08 
  -1.127022e+05 
  -1.097307e-04 
  -4.716883e+02 
   3.568215e+10 
   1.336157e+04 
   0.000000e+00 
   0.000000e+00 
   0.000000e+00 
   0.000000e+00 
   0.000000e+00 
   0.000000e+00 
   0.000000e+00 
   0.000000e+00 
  -3.200614e-16 
   6.130584e-01 
  -1.540953e+00 
   1.578142e+00 
alpha= 60.00 5 Layers 
   2.267949e+00 
   7.074898e+02 
   1.387561e+05 
  -9.912449e+03 
  -6.584807e-01 
  -5.229572e+02 
   8.624204e+06 
  -1.444688e+03 
   1.080154e+00 
   1.488256e+02 
  -1.734319e+08 
  -7.314087e+04 
  -1.268031e-01 
  -5.726525e+02 
   8.954815e+09 
  -9.371491e+02 
   3.904525e-01 
  -5.550722e+02 
  -8.888204e+09 
  -3.834972e+05 
   0.000000e+00 
   0.000000e+00 
   0.000000e+00 
   0.000000e+00 
   0.000000e+00 
   0.000000e+00 
   0.000000e+00 
   0.000000e+00 
   0.000000e+00 
   0.000000e+00 
  -6.629838e-16 
   5.275569e-01 
  -1.076852e+00 
   1.121466e+00 
  -3.594788e+00 
alpha= 60.00 6 Layers 
  -1.724961e-01 
   8.066248e+02 
   1.493348e+05 
  -1.096992e+04 
  -6.701390e-01 
  -5.412311e+02 
  -2.086116e+06 
  -8.900413e+02 
   1.586709e+00 
   4.018921e+02 
  -5.184710e+07 
  -4.606867e+04 
  -1.130765e-01 
  -5.929277e+02 
   2.583170e+09 
  -1.508510e+03 
   8.177653e-01 
  -3.700944e+01 
  -2.733995e+09 
  -1.959884e+05 
  -5.147580e-03 
  -4.975519e+02 
   5.780950e+10 
   1.913901e+04 
   0.000000e+00 
   0.000000e+00 
   0.000000e+00 
   0.000000e+00 
   0.000000e+00 
   0.000000e+00 
   0.000000e+00 
   0.000000e+00 
   0.000000e+00 
   0.000000e+00 
   0.000000e+00 
   0.000000e+00 
  -1.634294e-16 
   4.985218e-01 
  -7.138643e-01 
   9.311298e-01 
  -2.272776e+00 
   1.693096e+00 
alpha= 60.00 7 Layers 
  -1.993158e+00 
   7.975020e+02 
   1.501949e+05 
  -1.088387e+04 
  -9.180907e-01 
  -5.186317e+02 
  -2.917017e+06 
  -4.413506e+02 
   1.658806e+00 
   4.489907e+02 
  -2.084820e+07 
  -3.519825e+04 
  -2.509413e-01 
  -5.927562e+02 
   1.015329e+09 
  -2.598633e+03 
   7.667910e-01 
  -4.381964e+00 
  -1.117896e+09 
  -1.490789e+05 
  -8.485506e-02 
  -5.920647e+02 
   2.231103e+10 
   2.900080e+03 
   4.142643e-01 
  -4.873676e+02 
  -1.157259e+10 
  -4.152731e+05 
   0.000000e+00 
   0.000000e+00 
   0.000000e+00 
   0.000000e+00 
   0.000000e+00 
   0.000000e+00 
   0.000000e+00 
   0.000000e+00 
   0.000000e+00 
   0.000000e+00 
   0.000000e+00 
   0.000000e+00 
   0.000000e+00 
   0.000000e+00 
  -6.910770e-17 
   4.719765e-01 
  -5.397115e-01 
   7.879641e-01 
  -1.822997e+00 
   1.312378e+00 
  -3.785471e+00 
alpha= 60.00 8 Layers 
  -5.403238e+00 
   8.451381e+02 
   1.572841e+05 
  -1.140433e+04 
  -8.132946e-01 
  -5.235969e+02 
  -3.641125e+06 
  -9.866925e+01 
   1.954898e+00 
   5.729462e+02 
  -7.043682e+06 
  -2.708585e+04 
  -2.573691e-01 
  -6.007966e+02 
   4.150422e+08 
  -2.439488e+03 
   1.119057e+00 
   2.271758e+02 
  -4.797648e+08 
  -9.850407e+04 
  -6.831087e-02 
  -5.955377e+02 
   8.830836e+09 
   1.734751e+03 
   7.186419e-01 
  -9.491960e+01 
  -4.861016e+09 
  -2.484358e+05 
  -8.116899e-03 
  -5.090582e+02 
   7.101869e+10 
   2.156263e+04 
   0.000000e+00 
   0.000000e+00 
   0.000000e+00 
   0.000000e+00 
   0.000000e+00 
   0.000000e+00 
   0.000000e+00 
   0.000000e+00 
   0.000000e+00 
   0.000000e+00 
   0.000000e+00 
   0.000000e+00 
   0.000000e+00 
   0.000000e+00 
   0.000000e+00 
   0.000000e+00 
   2.895113e-16 
   4.675807e-01 
  -3.911617e-01 
   7.132340e-01 
  -1.331311e+00 
   1.138769e+00 
  -2.675433e+00 
   1.754022e+00 
alpha= 60.00 9 Layers 
  -7.631442e+00 
   8.304451e+02 
   1.580382e+05 
  -1.126187e+04 
  -9.385819e-01 
  -5.050058e+02 
  -3.104671e+06 
   1.652537e+02 
   1.970237e+00 
   5.931254e+02 
  -2.828354e+06 
  -2.294083e+04 
  -3.960025e-01 
  -5.870427e+02 
   2.050780e+08 
  -2.285928e+03 
   1.128692e+00 
   2.644417e+02 
  -2.442740e+08 
  -7.829977e+04 
  -1.530201e-01 
  -6.109526e+02 
   4.284769e+09 
  -1.425317e+03 
   6.596409e-01 
  -9.414223e+01 
  -2.447120e+09 
  -2.058204e+05 
  -6.622096e-02 
  -5.932816e+02 
   3.441814e+10 
   6.097374e+03 
   4.280050e-01 
  -4.541429e+02 
  -1.316983e+10 
  -4.297634e+05 
   0.000000e+00 
   0.000000e+00 
   0.000000e+00 
   0.000000e+00 
   0.000000e+00 
   0.000000e+00 
   0.000000e+00 
   0.000000e+00 
   0.000000e+00 
   0.000000e+00 
   0.000000e+00 
   0.000000e+00 
   0.000000e+00 
   0.000000e+00 
   0.000000e+00 
   0.000000e+00 
   0.000000e+00 
   0.000000e+00 
  -8.082603e-16 
   4.565672e-01 
  -3.091394e-01 
   6.492387e-01 
  -1.093748e+00 
   9.791322e-01 
  -2.294017e+00 
   1.432759e+00 
  -3.871145e+00 
alpha= 60.00 10 Layers 
  -1.136284e+01 
   8.588078e+02 
   1.637841e+05 
  -1.158112e+04 
  -6.927640e-01 
  -5.062695e+02 
  -3.000889e+06 
   3.950575e+02 
   2.055746e+00 
   6.667605e+02 
  -2.292003e+05 
  -1.964599e+04 
  -4.044990e-01 
  -5.897018e+02 
   9.940306e+07 
  -2.023252e+03 
   1.414804e+00 
   3.966979e+02 
  -1.247496e+08 
  -5.871462e+04 
  -1.489983e-01 
  -6.144756e+02 
   2.103883e+09 
  -1.711312e+03 
   9.246480e-01 
   1.161532e+02 
  -1.252176e+09 
  -1.446070e+05 
  -5.099115e-02 
  -5.907541e+02 
   1.643329e+10 
   4.780198e+03 
   6.645073e-01 
  -1.362860e+02 
  -6.629591e+09 
  -2.836891e+05 
  -1.004131e-02 
  -5.152457e+02 
   7.963636e+10 
   2.279994e+04 
   0.000000e+00 
   0.000000e+00 
   0.000000e+00 
   0.000000e+00 
   0.000000e+00 
   0.000000e+00 
   0.000000e+00 
   0.000000e+00 
   0.000000e+00 
   0.000000e+00 
   0.000000e+00 
   0.000000e+00 
   0.000000e+00 
   0.000000e+00 
   0.000000e+00 
   0.000000e+00 
   0.000000e+00 
   0.000000e+00 
   0.000000e+00 
   0.000000e+00 
   6.937914e-16 
   4.589679e-01 
  -2.328191e-01 
   6.141875e-01 
  -8.526102e-01 
   8.904519e-01 
  -1.776261e+00 
   1.279108e+00 
  -2.928569e+00 
   1.791967e+00 
alpha= 75.00 1 Layers 
   1.726199e-02 
  -8.336623e+02 
  -9.873154e+04 
   7.747424e+03 
   0.000000e+00 
   0.000000e+00 
   0.000000e+00 
alpha= 75.00 2 Layers 
  -6.209039e-01 
  -2.412815e+02 
   8.610297e+02 
   1.563256e+03 
   1.155619e-01 
  -1.091424e+03 
  -7.962460e+08 
  -1.099255e+05 
   0.000000e+00 
   0.000000e+00 
   0.000000e+00 
   0.000000e+00 
   1.275057e-17 
  -1.678880e+00 
alpha= 75.00 3 Layers 
  -6.073189e-01 
  -4.735607e+02 
  -3.775094e+04 
   3.987703e+03 
   3.919937e-01 
  -2.281266e+02 
  -5.757397e+06 
  -4.222877e+04 
   1.564291e-02 
  -7.436736e+02 
   7.254149e+09 
  -2.024734e+04 
   0.000000e+00 
   0.000000e+00 
   0.000000e+00 
   0.000000e+00 
   0.000000e+00 
   0.000000e+00 
   1.417655e-16 
  -9.351540e-01 
   2.115076e-01 
alpha= 75.00 4 Layers 
  -1.334938e+00 
  -3.721862e+02 
  -1.955939e+04 
   2.928266e+03 
   4.922175e-01 
  -2.234780e+02 
  -1.137650e+06 
  -2.612139e+04 
  -1.108375e-01 
  -6.288738e+02 
   1.410122e+09 
  -1.368793e+04 
   1.331939e-01 
  -8.912103e+02 
  -5.721610e+09 
  -1.970730e+05 
   0.000000e+00 
   0.000000e+00 
   0.000000e+00 
   0.000000e+00 
   0.000000e+00 
   0.000000e+00 
   0.000000e+00 
   0.000000e+00 
  -4.340798e-17 
  -6.823339e-01 
   6.389087e-02 
  -2.377067e+00 
alpha= 75.00 5 Layers 
  -6.092130e-01 
  -4.356932e+02 
  -3.145680e+04 
   3.592456e+03 
   5.281040e-01 
   2.801664e+01 
   6.858930e+06 
  -1.859366e+04 
  -1.010019e-01 
  -6.866820e+02 
   2.598854e+08 
  -9.564784e+03 
   2.782989e-01 
  -4.044158e+02 
  -1.139684e+09 
  -9.838108e+04 
   1.102275e-02 
  -7.585199e+02 
   1.881680e+10 
  -1.744772e+04 
   0.000000e+00 
   0.000000e+00 
   0.000000e+00 
   0.000000e+00 
   0.000000e+00 
   0.000000e+00 
   0.000000e+00 
   0.000000e+00 
   0.000000e+00 
   0.000000e+00 
  -1.839214e-16 
  -5.684817e-01 
  -1.372299e-02 
  -1.569308e+00 
   2.814768e-01 
alpha= 75.00 6 Layers 
  -1.075509e+00 
  -3.789439e+02 
  -2.116368e+04 
   2.999277e+03 
   6.387939e-01 
   2.402446e+00 
   3.519507e+06 
  -1.459976e+04 
  -2.507388e-01 
  -5.932120e+02 
   1.012513e+08 
  -6.296954e+03 
   2.768242e-01 
  -4.045377e+02 
  -4.173189e+08 
  -7.096648e+04 
  -5.771308e-02 
  -7.174056e+02 
   6.449326e+09 
  -1.869083e+04 
   1.423548e-01 
  -8.321684e+02 
  -8.923826e+09 
  -2.205525e+05 
   0.000000e+00 
   0.000000e+00 
   0.000000e+00 
   0.000000e+00 
   0.000000e+00 
   0.000000e+00 
   0.000000e+00 
   0.000000e+00 
   0.000000e+00 
   0.000000e+00 
   0.000000e+00 
   0.000000e+00 
   2.356521e-16 
  -4.861267e-01 
  -2.663957e-02 
  -1.262412e+00 
   1.131706e-01 
  -2.564982e+00 
alpha= 75.00 7 Layers 
   2.637380e-01 
  -4.102188e+02 
  -2.884576e+04 
   3.328171e+03 
   3.922130e-01 
   1.259503e+02 
   3.759823e+06 
  -1.249067e+04 
  -2.404636e-01 
  -6.231770e+02 
   2.521767e+07 
  -4.826007e+03 
   3.757172e-01 
  -1.823716e+02 
  -1.254420e+08 
  -4.692150e+04 
  -4.500415e-02 
  -7.404398e+02 
   2.129756e+09 
  -1.491546e+04 
   2.400192e-01 
  -4.885738e+02 
  -3.002795e+09 
  -1.327712e+05 
   8.318274e-03 
  -7.651973e+02 
   2.565288e+10 
  -1.642168e+04 
   0.000000e+00 
   0.000000e+00 
   0.000000e+00 
   0.000000e+00 
   0.000000e+00 
   0.000000e+00 
   0.000000e+00 
   0.000000e+00 
   0.000000e+00 
   0.000000e+00 
   0.000000e+00 
   0.000000e+00 
   0.000000e+00 
   0.000000e+00 
  -5.133816e-17 
  -4.530608e-01 
  -5.578115e-02 
  -9.998655e-01 
   4.187698e-02 
  -1.891400e+00 
   3.096714e-01 
alpha= 75.00 8 Layers 
  -3.426583e-02 
  -3.720482e+02 
  -2.195145e+04 
   2.929216e+03 
   4.563949e-01 
   9.708397e+01 
   2.429777e+06 
  -1.076915e+04 
  -3.984655e-01 
  -5.581597e+02 
   1.353401e+07 
  -3.388497e+03 
   4.039802e-01 
  -1.865403e+02 
  -6.281483e+07 
  -3.709077e+04 
  -1.213403e-01 
  -6.757963e+02 
   1.003361e+09 
  -1.200831e+04 
   2.262641e-01 
  -5.008780e+02 
  -1.400409e+09 
  -1.061578e+05 
  -3.881266e-02 
  -7.483642e+02 
   1.167153e+10 
  -2.021035e+04 
   1.473186e-01 
  -8.066188e+02 
  -1.075108e+10 
  -2.301528e+05 
   0.000000e+00 
   0.000000e+00 
   0.000000e+00 
   0.000000e+00 
   0.000000e+00 
   0.000000e+00 
   0.000000e+00 
   0.000000e+00 
   0.000000e+00 
   0.000000e+00 
   0.000000e+00 
   0.000000e+00 
   0.000000e+00 
   0.000000e+00 
   0.000000e+00 
   0.000000e+00 
  -1.342338e-16 
  -4.113911e-01 
  -5.300724e-02 
  -8.579702e-01 
   6.713374e-03 
  -1.623118e+00 
   1.538230e-01 
  -2.643639e+00 
alpha= 75.00 9 Layers 
   1.654118e+00 
  -3.922606e+02 
  -2.844406e+04 
   3.143287e+03 
  -4.907836e-02 
   1.733999e+02 
   2.348657e+06 
  -9.930921e+03 
  -3.594056e-01 
  -5.776776e+02 
   2.099694e+06 
  -2.652158e+03 
   4.516814e-01 
  -5.534078e+01 
  -2.048478e+07 
  -2.810138e+04 
  -1.160846e-01 
  -6.933611e+02 
   4.271080e+08 
  -1.023936e+04 
   3.047567e-01 
  -3.070415e+02 
  -6.001745e+08 
  -7.477131e+04 
  -2.723318e-02 
  -7.599166e+02 
   5.020295e+09 
  -1.701211e+04 
   2.208934e-01 
  -5.391737e+02 
  -4.703554e+09 
  -1.546529e+05 
   6.642459e-03 
  -7.683717e+02 
   2.992123e+10 
  -1.607909e+04 
   0.000000e+00 
   0.000000e+00 
   0.000000e+00 
   0.000000e+00 
   0.000000e+00 
   0.000000e+00 
   0.000000e+00 
   0.000000e+00 
   0.000000e+00 
   0.000000e+00 
   0.000000e+00 
   0.000000e+00 
   0.000000e+00 
   0.000000e+00 
   0.000000e+00 
   0.000000e+00 
   0.000000e+00 
   0.000000e+00 
   7.394898e-16 
  -4.000947e-01 
  -6.737032e-02 
  -7.403386e-01 
  -2.871989e-02 
  -1.324554e+00 
   9.161562e-02 
  -2.081122e+00 
   3.247141e-01 
alpha= 75.00 10 Layers 
   1.416439e+00 
  -3.642008e+02 
  -2.334139e+04 
   2.849975e+03 
  -3.412999e-02 
   1.466117e+02 
   1.719851e+06 
  -8.961781e+03 
  -5.140341e-01 
  -5.298588e+02 
   1.411532e+06 
  -1.912698e+03 
   4.906941e-01 
  -6.541965e+01 
  -1.209966e+07 
  -2.371604e+04 
  -1.983829e-01 
  -6.386251e+02 
   2.424784e+08 
  -8.217936e+03 
   3.095965e-01 
  -3.089841e+02 
  -3.370919e+08 
  -6.181421e+04 
  -7.789852e-02 
  -7.155144e+02 
   2.733486e+09 
  -1.526426e+04 
   2.055568e-01 
  -5.576970e+02 
  -2.555278e+09 
  -1.311045e+05 
  -2.921385e-02 
  -7.620146e+02 
   1.606603e+10 
  -2.064718e+04 
   1.503852e-01 
  -7.927516e+02 
  -1.190735e+10 
  -2.351547e+05 
   0.000000e+00 
   0.000000e+00 
   0.000000e+00 
   0.000000e+00 
   0.000000e+00 
   0.000000e+00 
   0.000000e+00 
   0.000000e+00 
   0.000000e+00 
   0.000000e+00 
   0.000000e+00 
   0.000000e+00 
   0.000000e+00 
   0.000000e+00 
   0.000000e+00 
   0.000000e+00 
   0.000000e+00 
   0.000000e+00 
   0.000000e+00 
   0.000000e+00 
   4.945206e-17 
  -3.738752e-01 
  -6.183169e-02 
  -6.630620e-01 
  -3.654933e-02 
  -1.167849e+00 
   4.356071e-02 
  -1.854404e+00 
   1.850367e-01 
  -2.685188e+00 
alpha= 90.00 1 Layers 
   3.596894e-03 
   4.108037e-12 
   9.721718e+03 
  -1.891581e-10 
   0.000000e+00 
   0.000000e+00 
   0.000000e+00 
alpha= 90.00 2 Layers 
  -1.174357e+00 
   6.619894e-01 
   1.343539e+04 
  -3.356596e+01 
   2.532903e+00 
   3.041727e+02 
  -5.151487e+08 
  -3.992924e+05 
   0.000000e+00 
   0.000000e+00 
   0.000000e+00 
   0.000000e+00 
   1.942085e-16 
  -4.600851e+00 
alpha= 90.00 3 Layers 
  -1.803721e+00 
   7.468470e-01 
   1.505672e+04 
  -3.786864e+01 
   9.810377e+00 
   1.218737e+03 
  -5.130575e+07 
  -1.514906e+05 
  -2.359897e-03 
   2.702628e-01 
   4.381105e+10 
  -2.972019e+02 
   0.000000e+00 
   0.000000e+00 
   0.000000e+00 
   0.000000e+00 
   0.000000e+00 
   0.000000e+00 
   6.421572e-17 
  -2.467748e+00 
   1.198085e+00 
alpha= 90.00 4 Layers 
  -2.492384e+00 
   8.807435e-01 
   1.688621e+04 
  -4.465782e+01 
   1.003050e+01 
   1.775100e+03 
  -4.613522e+06 
  -1.107125e+05 
  -2.600224e-01 
   8.945755e-01 
   6.860334e+09 
  -9.188533e+01 
   3.026396e+00 
   7.682402e+02 
  -3.422076e+09 
  -8.481287e+05 
   0.000000e+00 
   0.000000e+00 
   0.000000e+00 
   0.000000e+00 
   0.000000e+00 
   0.000000e+00 
   0.000000e+00 
   0.000000e+00 
  -1.277772e-15 
  -1.899466e+00 
   9.931654e-01 
  -6.645216e+00 
alpha= 90.00 5 Layers 
  -2.613707e+00 
   8.278651e-01 
   1.710531e+04 
  -4.197664e+01 
   1.460302e+01 
   1.885292e+03 
   5.928422e+05 
  -8.252107e+04 
  -2.607567e-01 
   8.685976e-01 
   1.651383e+09 
  -6.325314e+01 
   6.726857e+00 
   1.343540e+03 
  -9.404913e+08 
  -3.627796e+05 
  -1.121289e-02 
   3.788608e-01 
   1.088211e+11 
  -4.166248e+02 
   0.000000e+00 
   0.000000e+00 
   0.000000e+00 
   0.000000e+00 
   0.000000e+00 
   0.000000e+00 
   0.000000e+00 
   0.000000e+00 
   0.000000e+00 
   0.000000e+00 
  -2.008944e-16 
  -1.525463e+00 
   6.672289e-01 
  -4.130123e+00 
   1.276155e+00 
alpha= 90.00 6 Layers 
  -1.859057e+00 
   8.747383e-01 
   1.536182e+04 
  -4.435333e+01 
   1.377811e+01 
   2.169965e+03 
   2.663710e+06 
  -7.346771e+04 
  -5.424881e-01 
   1.041104e+00 
   4.944718e+08 
  -3.598549e+01 
   6.373484e+00 
   1.568447e+03 
  -3.408569e+08 
  -2.712831e+05 
  -1.514321e-01 
   8.653369e-01 
   3.474681e+10 
  -1.796406e+02 
   3.281650e+00 
   9.310251e+02 
  -5.098953e+09 
  -9.767030e+05 
   0.000000e+00 
   0.000000e+00 
   0.000000e+00 
   0.000000e+00 
   0.000000e+00 
   0.000000e+00 
   0.000000e+00 
   0.000000e+00 
   0.000000e+00 
   0.000000e+00 
   0.000000e+00 
   0.000000e+00 
  -4.157015e-16 
  -1.367706e+00 
   5.532091e-01 
  -3.376156e+00 
   1.237216e+00 
  -7.188780e+00 
alpha= 90.00 7 Layers 
  -1.368436e+00 
   8.227760e-01 
   1.411706e+04 
  -4.171860e+01 
   1.658361e+01 
   2.157311e+03 
   2.265905e+06 
  -6.318268e+04 
  -6.092472e-01 
   9.861912e-01 
   1.938297e+08 
  -3.114781e+01 
   9.242580e+00 
   1.702154e+03 
  -1.472646e+08 
  -1.785392e+05 
  -1.280849e-01 
   8.188805e-01 
   1.229679e+10 
  -1.358335e+02 
   5.754657e+00 
   1.346162e+03 
  -2.051224e+09 
  -5.091603e+05 
  -1.637209e-02 
   4.200522e-01 
   1.466989e+11 
  -4.619220e+02 
   0.000000e+00 
   0.000000e+00 
   0.000000e+00 
   0.000000e+00 
   0.000000e+00 
   0.000000e+00 
   0.000000e+00 
   0.000000e+00 
   0.000000e+00 
   0.000000e+00 
   0.000000e+00 
   0.000000e+00 
   0.000000e+00 
   0.000000e+00 
  -3.929485e-16 
  -1.221815e+00 
   4.250184e-01 
  -2.635458e+00 
   9.312924e-01 
  -5.024966e+00 
   1.324430e+00 
alpha= 90.00 8 Layers 
   4.489403e-01 
   8.483341e-01 
   9.800458e+03 
  -4.301451e+01 
   1.433465e+01 
   2.335893e+03 
   2.383066e+06 
  -5.988095e+04 
  -8.595813e-01 
   1.063446e+00 
   7.302565e+07 
  -2.447924e+01 
   9.143481e+00 
   1.896476e+03 
  -6.752315e+07 
  -1.431274e+05 
  -2.802819e-01 
   1.008531e+00 
   5.262558e+09 
  -7.662792e+01 
   5.331256e+00 
   1.444326e+03 
  -9.923227e+08 
  -4.224749e+05 
  -1.123600e-01 
   8.153038e-01 
   6.448906e+10 
  -2.439069e+02 
   3.414687e+00 
   9.999847e+02 
  -6.008572e+09 
  -1.022418e+06 
   0.000000e+00 
   0.000000e+00 
   0.000000e+00 
   0.000000e+00 
   0.000000e+00 
   0.000000e+00 
   0.000000e+00 
   0.000000e+00 
   0.000000e+00 
   0.000000e+00 
   0.000000e+00 
   0.000000e+00 
   0.000000e+00 
   0.000000e+00 
   0.000000e+00 
   0.000000e+00 
  -1.011719e-15 
  -1.159722e+00 
   3.664426e-01 
  -2.273395e+00 
   8.510888e-01 
  -4.372887e+00 
   1.336829e+00 
  -7.396159e+00 
alpha= 90.00 9 Layers 
   1.271535e+00 
   8.066456e-01 
   7.774766e+03 
  -4.090071e+01 
   1.589812e+01 
   2.296164e+03 
   1.961149e+06 
  -5.437666e+04 
  -9.453184e-01 
   1.010422e+00 
   3.506193e+07 
  -2.364564e+01 
   1.148472e+01 
   1.927614e+03 
  -3.586162e+07 
  -1.118649e+05 
  -2.880534e-01 
   9.633628e-01 
   2.488029e+09 
  -6.258961e+01 
   7.389910e+00 
   1.590250e+03 
  -5.137632e+08 
  -2.859975e+05 
  -8.883971e-02 
   7.683677e-01 
   2.854390e+10 
  -1.975435e+02 
   5.273756e+00 
   1.329943e+03 
  -2.975055e+09 
  -6.060255e+05 
  -1.961557e-02 
   4.403893e-01 
   1.705099e+11 
  -4.842863e+02 
   0.000000e+00 
   0.000000e+00 
   0.000000e+00 
   0.000000e+00 
   0.000000e+00 
   0.000000e+00 
   0.000000e+00 
   0.000000e+00 
   0.000000e+00 
   0.000000e+00 
   0.000000e+00 
   0.000000e+00 
   0.000000e+00 
   0.000000e+00 
   0.000000e+00 
   0.000000e+00 
   0.000000e+00 
   0.000000e+00 
   1.942195e-16 
  -1.081859e+00 
   3.002293e-01 
  -1.946558e+00 
   6.952722e-01 
  -3.504413e+00 
   1.070263e+00 
  -5.561393e+00 
   1.361112e+00 
alpha= 90.00 10 Layers 
   3.669220e+00 
   8.242723e-01 
   2.058106e+03 
  -4.179447e+01 
   1.250097e+01 
   2.422878e+03 
   1.906910e+06 
  -5.288237e+04 
  -1.124541e+00 
   1.054059e+00 
   1.266303e+07 
  -2.169529e+01 
   1.128483e+01 
   2.077400e+03 
  -1.812517e+07 
  -9.624387e+04 
  -4.427893e-01 
   1.061548e+00 
   1.268701e+09 
  -4.142150e+01 
   7.226763e+00 
   1.720855e+03 
  -2.862186e+08 
  -2.373118e+05 
  -1.913613e-01 
   9.570904e-01 
   1.471282e+10 
  -1.222696e+02 
   4.868690e+00 
   1.369973e+03 
  -1.689479e+09 
  -5.345533e+05 
  -9.253141e-02 
   7.723712e-01 
   8.974038e+10 
  -2.899824e+02 
   3.494828e+00 
   1.036193e+03 
  -6.568487e+09 
  -1.042806e+06 
   0.000000e+00 
   0.000000e+00 
   0.000000e+00 
   0.000000e+00 
   0.000000e+00 
   0.000000e+00 
   0.000000e+00 
   0.000000e+00 
   0.000000e+00 
   0.000000e+00 
   0.000000e+00 
   0.000000e+00 
   0.000000e+00 
   0.000000e+00 
   0.000000e+00 
   0.000000e+00 
   0.000000e+00 
   0.000000e+00 
   0.000000e+00 
   0.000000e+00 
   8.335622e-16 
  -1.053331e+00 
   2.663564e-01 
  -1.753488e+00 
   6.360361e-01 
  -3.095781e+00 
   1.021377e+00 
  -5.023690e+00 
   1.391465e+00 
  -7.496240e+00 
