r         ur            utheta            w
2000.00000 -0.0000147562 0.0000000000 0.0000000000 
2012.01201 -0.0000148170 0.0000000000 0.0000000000 
2024.02402 -0.0000148795 0.0000000000 0.0000000000 
2036.03604 -0.0000149438 0.0000000000 0.0000000000 
2048.04805 -0.0000150098 0.0000000000 0.0000000000 
2060.06006 -0.0000150775 0.0000000000 0.0000000000 
2072.07207 -0.0000151468 0.0000000000 0.0000000000 
2084.08408 -0.0000152179 0.0000000000 0.0000000000 
2096.09610 -0.0000152906 0.0000000000 0.0000000000 
2108.10811 -0.0000153649 0.0000000000 0.0000000000 
2120.12012 -0.0000154408 0.0000000000 0.0000000000 
2132.13213 -0.0000155183 0.0000000000 0.0000000000 
2144.14414 -0.0000155973 0.0000000000 0.0000000000 
2156.15616 -0.0000156779 0.0000000000 0.0000000000 
2168.16817 -0.0000157600 0.0000000000 0.0000000000 
2180.18018 -0.0000158437 0.0000000000 0.0000000000 
2192.19219 -0.0000159288 0.0000000000 0.0000000000 
2204.20420 -0.0000160154 0.0000000000 0.0000000000 
2216.21622 -0.0000161035 0.0000000000 0.0000000000 
2228.22823 -0.0000161931 0.0000000000 0.0000000000 
2240.24024 -0.0000162840 0.0000000000 0.0000000000 
2252.25225 -0.0000163764 0.0000000000 0.0000000000 
2264.26426 -0.0000164702 0.0000000000 0.0000000000 
2276.27628 -0.0000165654 0.0000000000 0.0000000000 
2288.28829 -0.0000166620 0.0000000000 0.0000000000 
2300.30030 -0.0000167599 0.0000000000 0.0000000000 
2312.31231 -0.0000168592 0.0000000000 0.0000000000 
2324.32432 -0.0000169599 0.0000000000 0.0000000000 
2336.33634 -0.0000170619 0.0000000000 0.0000000000 
2348.34835 -0.0000171651 0.0000000000 0.0000000000 
2360.36036 -0.0000172697 0.0000000000 0.0000000000 
2372.37237 -0.0000173756 0.0000000000 0.0000000000 
2384.38438 -0.0000174828 0.0000000000 0.0000000000 
2396.39640 -0.0000175913 0.0000000000 0.0000000000 
2408.40841 -0.0000177010 0.0000000000 0.0000000000 
2420.42042 -0.0000178120 0.0000000000 0.0000000000 
2432.43243 -0.0000179242 0.0000000000 0.0000000000 
2444.44444 -0.0000180376 0.0000000000 0.0000000000 
2456.45646 -0.0000181523 0.0000000000 0.0000000000 
2468.46847 -0.0000182682 0.0000000000 0.0000000000 
2480.48048 -0.0000183853 0.0000000000 0.0000000000 
2492.49249 -0.0000185036 0.0000000000 0.0000000000 
2504.50450 -0.0000186231 0.0000000000 0.0000000000 
2516.51652 -0.0000187437 0.0000000000 0.0000000000 
2528.52853 -0.0000188656 0.0000000000 0.0000000000 
2540.54054 -0.0000189886 0.0000000000 0.0000000000 
2552.55255 -0.0000191127 0.0000000000 0.0000000000 
2564.56456 -0.0000192380 0.0000000000 0.0000000000 
2576.57658 -0.0000193645 0.0000000000 0.0000000000 
2588.58859 -0.0000194921 0.0000000000 0.0000000000 
2600.60060 -0.0000196208 0.0000000000 0.0000000000 
2612.61261 -0.0000197506 0.0000000000 0.0000000000 
2624.62462 -0.0000198815 0.0000000000 0.0000000000 
2636.63664 -0.0000200136 0.0000000000 0.0000000000 
2648.64865 -0.0000201467 0.0000000000 0.0000000000 
2660.66066 -0.0000202810 0.0000000000 0.0000000000 
2672.67267 -0.0000204163 0.0000000000 0.0000000000 
2684.68468 -0.0000205527 0.0000000000 0.0000000000 
2696.69670 -0.0000206902 0.0000000000 0.0000000000 
2708.70871 -0.0000208287 0.0000000000 0.0000000000 
2720.72072 -0.0000209684 0.0000000000 0.0000000000 
2732.73273 -0.0000211090 0.0000000000 0.0000000000 
2744.74474 -0.0000212507 0.0000000000 0.0000000000 
2756.75676 -0.0000213935 0.0000000000 0.0000000000 
2768.76877 -0.0000215373 0.0000000000 0.0000000000 
2780.78078 -0.0000216822 0.0000000000 0.0000000000 
2792.79279 -0.0000218280 0.0000000000 0.0000000000 
2804.80480 -0.0000219749 0.0000000000 0.0000000000 
2816.81682 -0.0000221228 0.0000000000 0.0000000000 
2828.82883 -0.0000222718 0.0000000000 0.0000000000 
2840.84084 -0.0000224217 0.0000000000 0.0000000000 
2852.85285 -0.0000225727 0.0000000000 0.0000000000 
2864.86486 -0.0000227246 0.0000000000 0.0000000000 
2876.87688 -0.0000228775 0.0000000000 0.0000000000 
2888.88889 -0.0000230315 0.0000000000 0.0000000000 
2900.90090 -0.0000231864 0.0000000000 0.0000000000 
2912.91291 -0.0000233423 0.0000000000 0.0000000000 
2924.92492 -0.0000234992 0.0000000000 0.0000000000 
2936.93694 -0.0000236570 0.0000000000 0.0000000000 
2948.94895 -0.0000238159 0.0000000000 0.0000000000 
2960.96096 -0.0000239757 0.0000000000 0.0000000000 
2972.97297 -0.0000241364 0.0000000000 0.0000000000 
2984.98498 -0.0000242981 0.0000000000 0.0000000000 
2996.99700 -0.0000244608 0.0000000000 0.0000000000 
3009.00901 -0.0000246244 0.0000000000 0.0000000000 
3021.02102 -0.0000247890 0.0000000000 0.0000000000 
3033.03303 -0.0000249545 0.0000000000 0.0000000000 
3045.04505 -0.0000251210 0.0000000000 0.0000000000 
3057.05706 -0.0000252884 0.0000000000 0.0000000000 
3069.06907 -0.0000254567 0.0000000000 0.0000000000 
3081.08108 -0.0000256260 0.0000000000 0.0000000000 
3093.09309 -0.0000257962 0.0000000000 0.0000000000 
3105.10511 -0.0000259673 0.0000000000 0.0000000000 
3117.11712 -0.0000261393 0.0000000000 0.0000000000 
3129.12913 -0.0000263123 0.0000000000 0.0000000000 
3141.14114 -0.0000264862 0.0000000000 0.0000000000 
3153.15315 -0.0000266610 0.0000000000 0.0000000000 
3165.16517 -0.0000268367 0.0000000000 0.0000000000 
3177.17718 -0.0000270133 0.0000000000 0.0000000000 
3189.18919 -0.0000271908 0.0000000000 0.0000000000 
3201.20120 -0.0000273692 0.0000000000 0.0000000000 
3213.21321 -0.0000275485 0.0000000000 0.0000000000 
3225.22523 -0.0000277287 0.0000000000 0.0000000000 
3237.23724 -0.0000279098 0.0000000000 0.0000000000 
3249.24925 -0.0000280917 0.0000000000 0.0000000000 
3261.26126 -0.0000282746 0.0000000000 0.0000000000 
3273.27327 -0.0000284584 0.0000000000 0.0000000000 
3285.28529 -0.0000286430 0.0000000000 0.0000000000 
3297.29730 -0.0000288285 0.0000000000 0.0000000000 
3309.30931 -0.0000290149 0.0000000000 0.0000000000 
3321.32132 -0.0000292022 0.0000000000 0.0000000000 
3333.33333 -0.0000293903 0.0000000000 0.0000000000 
3345.34535 -0.0000295793 0.0000000000 0.0000000000 
3357.35736 -0.0000297692 0.0000000000 0.0000000000 
3369.36937 -0.0000299600 0.0000000000 0.0000000000 
3381.38138 -0.0000301516 0.0000000000 0.0000000000 
3393.39339 -0.0000303441 0.0000000000 0.0000000000 
3405.40541 -0.0000305374 0.0000000000 0.0000000000 
3417.41742 -0.0000307316 0.0000000000 0.0000000000 
3429.42943 -0.0000309266 0.0000000000 0.0000000000 
3441.44144 -0.0000311225 0.0000000000 0.0000000000 
3453.45345 -0.0000313193 0.0000000000 0.0000000000 
3465.46547 -0.0000315169 0.0000000000 0.0000000000 
3477.47748 -0.0000317153 0.0000000000 0.0000000000 
3489.48949 -0.0000319146 0.0000000000 0.0000000000 
3501.50150 -0.0000321148 0.0000000000 0.0000000000 
3513.51351 -0.0000323158 0.0000000000 0.0000000000 
3525.52553 -0.0000325176 0.0000000000 0.0000000000 
3537.53754 -0.0000327202 0.0000000000 0.0000000000 
3549.54955 -0.0000329237 0.0000000000 0.0000000000 
3561.56156 -0.0000331281 0.0000000000 0.0000000000 
3573.57357 -0.0000333332 0.0000000000 0.0000000000 
3585.58559 -0.0000335392 0.0000000000 0.0000000000 
3597.59760 -0.0000337460 0.0000000000 0.0000000000 
3609.60961 -0.0000339537 0.0000000000 0.0000000000 
3621.62162 -0.0000341622 0.0000000000 0.0000000000 
3633.63363 -0.0000343715 0.0000000000 0.0000000000 
3645.64565 -0.0000345816 0.0000000000 0.0000000000 
3657.65766 -0.0000347925 0.0000000000 0.0000000000 
3669.66967 -0.0000350043 0.0000000000 0.0000000000 
3681.68168 -0.0000352169 0.0000000000 0.0000000000 
3693.69369 -0.0000354303 0.0000000000 0.0000000000 
3705.70571 -0.0000356445 0.0000000000 0.0000000000 
3717.71772 -0.0000358596 0.0000000000 0.0000000000 
3729.72973 -0.0000360754 0.0000000000 0.0000000000 
3741.74174 -0.0000362920 0.0000000000 0.0000000000 
3753.75375 -0.0000365095 0.0000000000 0.0000000000 
3765.76577 -0.0000367278 0.0000000000 0.0000000000 
3777.77778 -0.0000369469 0.0000000000 0.0000000000 
3789.78979 -0.0000371667 0.0000000000 0.0000000000 
3801.80180 -0.0000373874 0.0000000000 0.0000000000 
3813.81381 -0.0000376089 0.0000000000 0.0000000000 
3825.82583 -0.0000378312 0.0000000000 0.0000000000 
3837.83784 -0.0000380543 0.0000000000 0.0000000000 
3849.84985 -0.0000382782 0.0000000000 0.0000000000 
3861.86186 -0.0000385029 0.0000000000 0.0000000000 
3873.87387 -0.0000387284 0.0000000000 0.0000000000 
3885.88589 -0.0000389546 0.0000000000 0.0000000000 
3897.89790 -0.0000391817 0.0000000000 0.0000000000 
3909.90991 -0.0000394096 0.0000000000 0.0000000000 
3921.92192 -0.0000396382 0.0000000000 0.0000000000 
3933.93393 -0.0000398677 0.0000000000 0.0000000000 
3945.94595 -0.0000400979 0.0000000000 0.0000000000 
3957.95796 -0.0000403289 0.0000000000 0.0000000000 
3969.96997 -0.0000405607 0.0000000000 0.0000000000 
3981.98198 -0.0000407933 0.0000000000 0.0000000000 
3993.99399 -0.0000410267 0.0000000000 0.0000000000 
4006.00601 -0.0000412609 0.0000000000 0.0000000000 
4018.01802 -0.0000414958 0.0000000000 0.0000000000 
4030.03003 -0.0000417315 0.0000000000 0.0000000000 
4042.04204 -0.0000419680 0.0000000000 0.0000000000 
4054.05405 -0.0000422053 0.0000000000 0.0000000000 
4066.06607 -0.0000424434 0.0000000000 0.0000000000 
4078.07808 -0.0000426822 0.0000000000 0.0000000000 
4090.09009 -0.0000429218 0.0000000000 0.0000000000 
4102.10210 -0.0000431622 0.0000000000 0.0000000000 
4114.11411 -0.0000434034 0.0000000000 0.0000000000 
4126.12613 -0.0000436453 0.0000000000 0.0000000000 
4138.13814 -0.0000438880 0.0000000000 0.0000000000 
4150.15015 -0.0000441315 0.0000000000 0.0000000000 
4162.16216 -0.0000443757 0.0000000000 0.0000000000 
4174.17417 -0.0000446207 0.0000000000 0.0000000000 
4186.18619 -0.0000448665 0.0000000000 0.0000000000 
4198.19820 -0.0000451131 0.0000000000 0.0000000000 
4210.21021 -0.0000453604 0.0000000000 0.0000000000 
4222.22222 -0.0000456085 0.0000000000 0.0000000000 
4234.23423 -0.0000458573 0.0000000000 0.0000000000 
4246.24625 -0.0000461069 0.0000000000 0.0000000000 
4258.25826 -0.0000463573 0.0000000000 0.0000000000 
4270.27027 -0.0000466084 0.0000000000 0.0000000000 
4282.28228 -0.0000468603 0.0000000000 0.0000000000 
4294.29429 -0.0000471130 0.0000000000 0.0000000000 
4306.30631 -0.0000473664 0.0000000000 0.0000000000 
4318.31832 -0.0000476205 0.0000000000 0.0000000000 
4330.33033 -0.0000478755 0.0000000000 0.0000000000 
4342.34234 -0.0000481312 0.0000000000 0.0000000000 
4354.35435 -0.0000483876 0.0000000000 0.0000000000 
4366.36637 -0.0000486448 0.0000000000 0.0000000000 
4378.37838 -0.0000489027 0.0000000000 0.0000000000 
4390.39039 -0.0000491614 0.0000000000 0.0000000000 
4402.40240 -0.0000494209 0.0000000000 0.0000000000 
4414.41441 -0.0000496811 0.0000000000 0.0000000000 
4426.42643 -0.0000499420 0.0000000000 0.0000000000 
4438.43844 -0.0000502038 0.0000000000 0.0000000000 
4450.45045 -0.0000504662 0.0000000000 0.0000000000 
4462.46246 -0.0000507294 0.0000000000 0.0000000000 
4474.47447 -0.0000509934 0.0000000000 0.0000000000 
4486.48649 -0.0000512581 0.0000000000 0.0000000000 
4498.49850 -0.0000515235 0.0000000000 0.0000000000 
4510.51051 -0.0000517897 0.0000000000 0.0000000000 
4522.52252 -0.0000520566 0.0000000000 0.0000000000 
4534.53453 -0.0000523243 0.0000000000 0.0000000000 
4546.54655 -0.0000525927 0.0000000000 0.0000000000 
4558.55856 -0.0000528619 0.0000000000 0.0000000000 
4570.57057 -0.0000531318 0.0000000000 0.0000000000 
4582.58258 -0.0000534025 0.0000000000 0.0000000000 
4594.59459 -0.0000536738 0.0000000000 0.0000000000 
4606.60661 -0.0000539460 0.0000000000 0.0000000000 
4618.61862 -0.0000542188 0.0000000000 0.0000000000 
4630.63063 -0.0000544924 0.0000000000 0.0000000000 
4642.64264 -0.0000547668 0.0000000000 0.0000000000 
4654.65465 -0.0000550419 0.0000000000 0.0000000000 
4666.66667 -0.0000553177 0.0000000000 0.0000000000 
4678.67868 -0.0000555942 0.0000000000 0.0000000000 
4690.69069 -0.0000558715 0.0000000000 0.0000000000 
4702.70270 -0.0000561496 0.0000000000 0.0000000000 
4714.71471 -0.0000564283 0.0000000000 0.0000000000 
4726.72673 -0.0000567078 0.0000000000 0.0000000000 
4738.73874 -0.0000569880 0.0000000000 0.0000000000 
4750.75075 -0.0000572690 0.0000000000 0.0000000000 
4762.76276 -0.0000575507 0.0000000000 0.0000000000 
4774.77477 -0.0000578331 0.0000000000 0.0000000000 
4786.78679 -0.0000581163 0.0000000000 0.0000000000 
4798.79880 -0.0000584001 0.0000000000 0.0000000000 
4810.81081 -0.0000586847 0.0000000000 0.0000000000 
4822.82282 -0.0000589701 0.0000000000 0.0000000000 
4834.83483 -0.0000592562 0.0000000000 0.0000000000 
4846.84685 -0.0000595429 0.0000000000 0.0000000000 
4858.85886 -0.0000598305 0.0000000000 0.0000000000 
4870.87087 -0.0000601187 0.0000000000 0.0000000000 
4882.88288 -0.0000604077 0.0000000000 0.0000000000 
4894.89489 -0.0000606974 0.0000000000 0.0000000000 
4906.90691 -0.0000609878 0.0000000000 0.0000000000 
4918.91892 -0.0000612790 0.0000000000 0.0000000000 
4930.93093 -0.0000615708 0.0000000000 0.0000000000 
4942.94294 -0.0000618634 0.0000000000 0.0000000000 
4954.95495 -0.0000621567 0.0000000000 0.0000000000 
4966.96697 -0.0000624508 0.0000000000 0.0000000000 
4978.97898 -0.0000627455 0.0000000000 0.0000000000 
4990.99099 -0.0000630410 0.0000000000 0.0000000000 
5003.00300 -0.0000633372 0.0000000000 0.0000000000 
5015.01502 -0.0000636341 0.0000000000 0.0000000000 
5027.02703 -0.0000639318 0.0000000000 0.0000000000 
5039.03904 -0.0000642301 0.0000000000 0.0000000000 
5051.05105 -0.0000645292 0.0000000000 0.0000000000 
5063.06306 -0.0000648290 0.0000000000 0.0000000000 
5075.07508 -0.0000651295 0.0000000000 0.0000000000 
5087.08709 -0.0000654307 0.0000000000 0.0000000000 
5099.09910 -0.0000657327 0.0000000000 0.0000000000 
5111.11111 -0.0000660353 0.0000000000 0.0000000000 
5123.12312 -0.0000663387 0.0000000000 0.0000000000 
5135.13514 -0.0000666428 0.0000000000 0.0000000000 
5147.14715 -0.0000669476 0.0000000000 0.0000000000 
5159.15916 -0.0000672531 0.0000000000 0.0000000000 
5171.17117 -0.0000675593 0.0000000000 0.0000000000 
5183.18318 -0.0000678663 0.0000000000 0.0000000000 
5195.19520 -0.0000681739 0.0000000000 0.0000000000 
5207.20721 -0.0000684823 0.0000000000 0.0000000000 
5219.21922 -0.0000687914 0.0000000000 0.0000000000 
5231.23123 -0.0000691012 0.0000000000 0.0000000000 
5243.24324 -0.0000694117 0.0000000000 0.0000000000 
5255.25526 -0.0000697229 0.0000000000 0.0000000000 
5267.26727 -0.0000700348 0.0000000000 0.0000000000 
5279.27928 -0.0000703474 0.0000000000 0.0000000000 
5291.29129 -0.0000706608 0.0000000000 0.0000000000 
5303.30330 -0.0000709748 0.0000000000 0.0000000000 
5315.31532 -0.0000712895 0.0000000000 0.0000000000 
5327.32733 -0.0000716050 0.0000000000 0.0000000000 
5339.33934 -0.0000719212 0.0000000000 0.0000000000 
5351.35135 -0.0000722380 0.0000000000 0.0000000000 
5363.36336 -0.0000725556 0.0000000000 0.0000000000 
5375.37538 -0.0000728739 0.0000000000 0.0000000000 
5387.38739 -0.0000731929 0.0000000000 0.0000000000 
5399.39940 -0.0000735126 0.0000000000 0.0000000000 
5411.41141 -0.0000738330 0.0000000000 0.0000000000 
5423.42342 -0.0000741541 0.0000000000 0.0000000000 
5435.43544 -0.0000744759 0.0000000000 0.0000000000 
5447.44745 -0.0000747984 0.0000000000 0.0000000000 
5459.45946 -0.0000751216 0.0000000000 0.0000000000 
5471.47147 -0.0000754455 0.0000000000 0.0000000000 
5483.48348 -0.0000757701 0.0000000000 0.0000000000 
5495.49550 -0.0000760954 0.0000000000 0.0000000000 
5507.50751 -0.0000764214 0.0000000000 0.0000000000 
5519.51952 -0.0000767481 0.0000000000 0.0000000000 
5531.53153 -0.0000770756 0.0000000000 0.0000000000 
5543.54354 -0.0000774037 0.0000000000 0.0000000000 
5555.55556 -0.0000777325 0.0000000000 0.0000000000 
5567.56757 -0.0000780620 0.0000000000 0.0000000000 
5579.57958 -0.0000783922 0.0000000000 0.0000000000 
5591.59159 -0.0000787231 0.0000000000 0.0000000000 
5603.60360 -0.0000790547 0.0000000000 0.0000000000 
5615.61562 -0.0000793870 0.0000000000 0.0000000000 
5627.62763 -0.0000797200 0.0000000000 0.0000000000 
5639.63964 -0.0000800537 0.0000000000 0.0000000000 
5651.65165 -0.0000803881 0.0000000000 0.0000000000 
5663.66366 -0.0000807232 0.0000000000 0.0000000000 
5675.67568 -0.0000810590 0.0000000000 0.0000000000 
5687.68769 -0.0000813954 0.0000000000 0.0000000000 
5699.69970 -0.0000817326 0.0000000000 0.0000000000 
5711.71171 -0.0000820705 0.0000000000 0.0000000000 
5723.72372 -0.0000824090 0.0000000000 0.0000000000 
5735.73574 -0.0000827483 0.0000000000 0.0000000000 
5747.74775 -0.0000830882 0.0000000000 0.0000000000 
5759.75976 -0.0000834289 0.0000000000 0.0000000000 
5771.77177 -0.0000837702 0.0000000000 0.0000000000 
5783.78378 -0.0000841122 0.0000000000 0.0000000000 
5795.79580 -0.0000844549 0.0000000000 0.0000000000 
5807.80781 -0.0000847983 0.0000000000 0.0000000000 
5819.81982 -0.0000851424 0.0000000000 0.0000000000 
5831.83183 -0.0000854872 0.0000000000 0.0000000000 
5843.84384 -0.0000858327 0.0000000000 0.0000000000 
5855.85586 -0.0000861788 0.0000000000 0.0000000000 
5867.86787 -0.0000865257 0.0000000000 0.0000000000 
5879.87988 -0.0000868732 0.0000000000 0.0000000000 
5891.89189 -0.0000872215 0.0000000000 0.0000000000 
5903.90390 -0.0000875704 0.0000000000 0.0000000000 
5915.91592 -0.0000879200 0.0000000000 0.0000000000 
5927.92793 -0.0000882703 0.0000000000 0.0000000000 
5939.93994 -0.0000886213 0.0000000000 0.0000000000 
5951.95195 -0.0000889729 0.0000000000 0.0000000000 
5963.96396 -0.0000893253 0.0000000000 0.0000000000 
5975.97598 -0.0000896783 0.0000000000 0.0000000000 
5987.98799 -0.0000900321 0.0000000000 0.0000000000 
6000.00000 -0.0000903865 0.0000000000 0.0000000000 
6012.01201 -0.0000907416 0.0000000000 0.0000000000 
6024.02402 -0.0000910973 0.0000000000 0.0000000000 
6036.03604 -0.0000914538 0.0000000000 0.0000000000 
6048.04805 -0.0000918110 0.0000000000 0.0000000000 
6060.06006 -0.0000921688 0.0000000000 0.0000000000 
6072.07207 -0.0000925273 0.0000000000 0.0000000000 
6084.08408 -0.0000928865 0.0000000000 0.0000000000 
6096.09610 -0.0000932464 0.0000000000 0.0000000000 
6108.10811 -0.0000936070 0.0000000000 0.0000000000 
6120.12012 -0.0000939682 0.0000000000 0.0000000000 
6132.13213 -0.0000943301 0.0000000000 0.0000000000 
6144.14414 -0.0000946927 0.0000000000 0.0000000000 
6156.15616 -0.0000950560 0.0000000000 0.0000000000 
6168.16817 -0.0000954200 0.0000000000 0.0000000000 
6180.18018 -0.0000957847 0.0000000000 0.0000000000 
6192.19219 -0.0000961500 0.0000000000 0.0000000000 
6204.20420 -0.0000965160 0.0000000000 0.0000000000 
6216.21622 -0.0000968827 0.0000000000 0.0000000000 
6228.22823 -0.0000972501 0.0000000000 0.0000000000 
6240.24024 -0.0000976181 0.0000000000 0.0000000000 
6252.25225 -0.0000979869 0.0000000000 0.0000000000 
6264.26426 -0.0000983563 0.0000000000 0.0000000000 
6276.27628 -0.0000987263 0.0000000000 0.0000000000 
6288.28829 -0.0000990971 0.0000000000 0.0000000000 
6300.30030 -0.0000994685 0.0000000000 0.0000000000 
6312.31231 -0.0000998407 0.0000000000 0.0000000000 
6324.32432 -0.0001002135 0.0000000000 0.0000000000 
6336.33634 -0.0001005869 0.0000000000 0.0000000000 
6348.34835 -0.0001009611 0.0000000000 0.0000000000 
6360.36036 -0.0001013359 0.0000000000 0.0000000000 
6372.37237 -0.0001017114 0.0000000000 0.0000000000 
6384.38438 -0.0001020876 0.0000000000 0.0000000000 
6396.39640 -0.0001024644 0.0000000000 0.0000000000 
6408.40841 -0.0001028419 0.0000000000 0.0000000000 
6420.42042 -0.0001032201 0.0000000000 0.0000000000 
6432.43243 -0.0001035990 0.0000000000 0.0000000000 
6444.44444 -0.0001039786 0.0000000000 0.0000000000 
6456.45646 -0.0001043588 0.0000000000 0.0000000000 
6468.46847 -0.0001047397 0.0000000000 0.0000000000 
6480.48048 -0.0001051212 0.0000000000 0.0000000000 
6492.49249 -0.0001055035 0.0000000000 0.0000000000 
6504.50450 -0.0001058864 0.0000000000 0.0000000000 
6516.51652 -0.0001062700 0.0000000000 0.0000000000 
6528.52853 -0.0001066542 0.0000000000 0.0000000000 
6540.54054 -0.0001070391 0.0000000000 0.0000000000 
6552.55255 -0.0001074247 0.0000000000 0.0000000000 
6564.56456 -0.0001078110 0.0000000000 0.0000000000 
6576.57658 -0.0001081979 0.0000000000 0.0000000000 
6588.58859 -0.0001085855 0.0000000000 0.0000000000 
6600.60060 -0.0001089738 0.0000000000 0.0000000000 
6612.61261 -0.0001093628 0.0000000000 0.0000000000 
6624.62462 -0.0001097524 0.0000000000 0.0000000000 
6636.63664 -0.0001101427 0.0000000000 0.0000000000 
6648.64865 -0.0001105336 0.0000000000 0.0000000000 
6660.66066 -0.0001109252 0.0000000000 0.0000000000 
6672.67267 -0.0001113175 0.0000000000 0.0000000000 
6684.68468 -0.0001117105 0.0000000000 0.0000000000 
6696.69670 -0.0001121041 0.0000000000 0.0000000000 
6708.70871 -0.0001124984 0.0000000000 0.0000000000 
6720.72072 -0.0001128934 0.0000000000 0.0000000000 
6732.73273 -0.0001132890 0.0000000000 0.0000000000 
6744.74474 -0.0001136853 0.0000000000 0.0000000000 
6756.75676 -0.0001140822 0.0000000000 0.0000000000 
6768.76877 -0.0001144799 0.0000000000 0.0000000000 
6780.78078 -0.0001148781 0.0000000000 0.0000000000 
6792.79279 -0.0001152771 0.0000000000 0.0000000000 
6804.80480 -0.0001156767 0.0000000000 0.0000000000 
6816.81682 -0.0001160770 0.0000000000 0.0000000000 
6828.82883 -0.0001164780 0.0000000000 0.0000000000 
6840.84084 -0.0001168796 0.0000000000 0.0000000000 
6852.85285 -0.0001172819 0.0000000000 0.0000000000 
6864.86486 -0.0001176848 0.0000000000 0.0000000000 
6876.87688 -0.0001180884 0.0000000000 0.0000000000 
6888.88889 -0.0001184927 0.0000000000 0.0000000000 
6900.90090 -0.0001188976 0.0000000000 0.0000000000 
6912.91291 -0.0001193032 0.0000000000 0.0000000000 
6924.92492 -0.0001197095 0.0000000000 0.0000000000 
6936.93694 -0.0001201164 0.0000000000 0.0000000000 
6948.94895 -0.0001205240 0.0000000000 0.0000000000 
6960.96096 -0.0001209322 0.0000000000 0.0000000000 
6972.97297 -0.0001213411 0.0000000000 0.0000000000 
6984.98498 -0.0001217507 0.0000000000 0.0000000000 
6996.99700 -0.0001221609 0.0000000000 0.0000000000 
7009.00901 -0.0001225718 0.0000000000 0.0000000000 
7021.02102 -0.0001229834 0.0000000000 0.0000000000 
7033.03303 -0.0001233956 0.0000000000 0.0000000000 
7045.04505 -0.0001238085 0.0000000000 0.0000000000 
7057.05706 -0.0001242220 0.0000000000 0.0000000000 
7069.06907 -0.0001246362 0.0000000000 0.0000000000 
7081.08108 -0.0001250510 0.0000000000 0.0000000000 
7093.09309 -0.0001254665 0.0000000000 0.0000000000 
7105.10511 -0.0001258827 0.0000000000 0.0000000000 
7117.11712 -0.0001262995 0.0000000000 0.0000000000 
7129.12913 -0.0001267170 0.0000000000 0.0000000000 
7141.14114 -0.0001271352 0.0000000000 0.0000000000 
7153.15315 -0.0001275540 0.0000000000 0.0000000000 
7165.16517 -0.0001279734 0.0000000000 0.0000000000 
7177.17718 -0.0001283935 0.0000000000 0.0000000000 
7189.18919 -0.0001288143 0.0000000000 0.0000000000 
7201.20120 -0.0001292357 0.0000000000 0.0000000000 
7213.21321 -0.0001296578 0.0000000000 0.0000000000 
7225.22523 -0.0001300805 0.0000000000 0.0000000000 
7237.23724 -0.0001305039 0.0000000000 0.0000000000 
7249.24925 -0.0001309280 0.0000000000 0.0000000000 
7261.26126 -0.0001313527 0.0000000000 0.0000000000 
7273.27327 -0.0001317781 0.0000000000 0.0000000000 
7285.28529 -0.0001322041 0.0000000000 0.0000000000 
7297.29730 -0.0001326308 0.0000000000 0.0000000000 
7309.30931 -0.0001330581 0.0000000000 0.0000000000 
7321.32132 -0.0001334861 0.0000000000 0.0000000000 
7333.33333 -0.0001339147 0.0000000000 0.0000000000 
7345.34535 -0.0001343440 0.0000000000 0.0000000000 
7357.35736 -0.0001347739 0.0000000000 0.0000000000 
7369.36937 -0.0001352045 0.0000000000 0.0000000000 
7381.38138 -0.0001356358 0.0000000000 0.0000000000 
7393.39339 -0.0001360677 0.0000000000 0.0000000000 
7405.40541 -0.0001365002 0.0000000000 0.0000000000 
7417.41742 -0.0001369334 0.0000000000 0.0000000000 
7429.42943 -0.0001373673 0.0000000000 0.0000000000 
7441.44144 -0.0001378018 0.0000000000 0.0000000000 
7453.45345 -0.0001382370 0.0000000000 0.0000000000 
7465.46547 -0.0001386728 0.0000000000 0.0000000000 
7477.47748 -0.0001391093 0.0000000000 0.0000000000 
7489.48949 -0.0001395464 0.0000000000 0.0000000000 
7501.50150 -0.0001399841 0.0000000000 0.0000000000 
7513.51351 -0.0001404226 0.0000000000 0.0000000000 
7525.52553 -0.0001408616 0.0000000000 0.0000000000 
7537.53754 -0.0001413013 0.0000000000 0.0000000000 
7549.54955 -0.0001417417 0.0000000000 0.0000000000 
7561.56156 -0.0001421827 0.0000000000 0.0000000000 
7573.57357 -0.0001426244 0.0000000000 0.0000000000 
7585.58559 -0.0001430667 0.0000000000 0.0000000000 
7597.59760 -0.0001435097 0.0000000000 0.0000000000 
7609.60961 -0.0001439533 0.0000000000 0.0000000000 
7621.62162 -0.0001443975 0.0000000000 0.0000000000 
7633.63363 -0.0001448424 0.0000000000 0.0000000000 
7645.64565 -0.0001452880 0.0000000000 0.0000000000 
7657.65766 -0.0001457342 0.0000000000 0.0000000000 
7669.66967 -0.0001461811 0.0000000000 0.0000000000 
7681.68168 -0.0001466286 0.0000000000 0.0000000000 
7693.69369 -0.0001470767 0.0000000000 0.0000000000 
7705.70571 -0.0001475255 0.0000000000 0.0000000000 
7717.71772 -0.0001479749 0.0000000000 0.0000000000 
7729.72973 -0.0001484250 0.0000000000 0.0000000000 
7741.74174 -0.0001488758 0.0000000000 0.0000000000 
7753.75375 -0.0001493271 0.0000000000 0.0000000000 
7765.76577 -0.0001497792 0.0000000000 0.0000000000 
7777.77778 -0.0001502318 0.0000000000 0.0000000000 
7789.78979 -0.0001506851 0.0000000000 0.0000000000 
7801.80180 -0.0001511391 0.0000000000 0.0000000000 
7813.81381 -0.0001515937 0.0000000000 0.0000000000 
7825.82583 -0.0001520490 0.0000000000 0.0000000000 
7837.83784 -0.0001525048 0.0000000000 0.0000000000 
7849.84985 -0.0001529614 0.0000000000 0.0000000000 
7861.86186 -0.0001534186 0.0000000000 0.0000000000 
7873.87387 -0.0001538764 0.0000000000 0.0000000000 
7885.88589 -0.0001543349 0.0000000000 0.0000000000 
7897.89790 -0.0001547940 0.0000000000 0.0000000000 
7909.90991 -0.0001552537 0.0000000000 0.0000000000 
7921.92192 -0.0001557141 0.0000000000 0.0000000000 
7933.93393 -0.0001561752 0.0000000000 0.0000000000 
7945.94595 -0.0001566368 0.0000000000 0.0000000000 
7957.95796 -0.0001570992 0.0000000000 0.0000000000 
7969.96997 -0.0001575621 0.0000000000 0.0000000000 
7981.98198 -0.0001580257 0.0000000000 0.0000000000 
7993.99399 -0.0001584900 0.0000000000 0.0000000000 
8006.00601 -0.0001589549 0.0000000000 0.0000000000 
8018.01802 -0.0001594204 0.0000000000 0.0000000000 
8030.03003 -0.0001598866 0.0000000000 0.0000000000 
8042.04204 -0.0001603534 0.0000000000 0.0000000000 
8054.05405 -0.0001608209 0.0000000000 0.0000000000 
8066.06607 -0.0001612889 0.0000000000 0.0000000000 
8078.07808 -0.0001617577 0.0000000000 0.0000000000 
8090.09009 -0.0001622271 0.0000000000 0.0000000000 
8102.10210 -0.0001626971 0.0000000000 0.0000000000 
8114.11411 -0.0001631677 0.0000000000 0.0000000000 
8126.12613 -0.0001636390 0.0000000000 0.0000000000 
8138.13814 -0.0001641109 0.0000000000 0.0000000000 
8150.15015 -0.0001645835 0.0000000000 0.0000000000 
8162.16216 -0.0001650567 0.0000000000 0.0000000000 
8174.17417 -0.0001655306 0.0000000000 0.0000000000 
8186.18619 -0.0001660051 0.0000000000 0.0000000000 
8198.19820 -0.0001664802 0.0000000000 0.0000000000 
8210.21021 -0.0001669559 0.0000000000 0.0000000000 
8222.22222 -0.0001674323 0.0000000000 0.0000000000 
8234.23423 -0.0001679094 0.0000000000 0.0000000000 
8246.24625 -0.0001683870 0.0000000000 0.0000000000 
8258.25826 -0.0001688654 0.0000000000 0.0000000000 
8270.27027 -0.0001693443 0.0000000000 0.0000000000 
8282.28228 -0.0001698239 0.0000000000 0.0000000000 
8294.29429 -0.0001703041 0.0000000000 0.0000000000 
8306.30631 -0.0001707850 0.0000000000 0.0000000000 
8318.31832 -0.0001712664 0.0000000000 0.0000000000 
8330.33033 -0.0001717486 0.0000000000 0.0000000000 
8342.34234 -0.0001722313 0.0000000000 0.0000000000 
8354.35435 -0.0001727147 0.0000000000 0.0000000000 
8366.36637 -0.0001731988 0.0000000000 0.0000000000 
8378.37838 -0.0001736834 0.0000000000 0.0000000000 
8390.39039 -0.0001741687 0.0000000000 0.0000000000 
8402.40240 -0.0001746547 0.0000000000 0.0000000000 
8414.41441 -0.0001751412 0.0000000000 0.0000000000 
8426.42643 -0.0001756284 0.0000000000 0.0000000000 
8438.43844 -0.0001761163 0.0000000000 0.0000000000 
8450.45045 -0.0001766047 0.0000000000 0.0000000000 
8462.46246 -0.0001770939 0.0000000000 0.0000000000 
8474.47447 -0.0001775836 0.0000000000 0.0000000000 
8486.48649 -0.0001780740 0.0000000000 0.0000000000 
8498.49850 -0.0001785650 0.0000000000 0.0000000000 
8510.51051 -0.0001790566 0.0000000000 0.0000000000 
8522.52252 -0.0001795489 0.0000000000 0.0000000000 
8534.53453 -0.0001800418 0.0000000000 0.0000000000 
8546.54655 -0.0001805353 0.0000000000 0.0000000000 
8558.55856 -0.0001810295 0.0000000000 0.0000000000 
8570.57057 -0.0001815243 0.0000000000 0.0000000000 
8582.58258 -0.0001820197 0.0000000000 0.0000000000 
8594.59459 -0.0001825158 0.0000000000 0.0000000000 
8606.60661 -0.0001830124 0.0000000000 0.0000000000 
8618.61862 -0.0001835098 0.0000000000 0.0000000000 
8630.63063 -0.0001840077 0.0000000000 0.0000000000 
8642.64264 -0.0001845063 0.0000000000 0.0000000000 
8654.65465 -0.0001850055 0.0000000000 0.0000000000 
8666.66667 -0.0001855054 0.0000000000 0.0000000000 
8678.67868 -0.0001860058 0.0000000000 0.0000000000 
8690.69069 -0.0001865069 0.0000000000 0.0000000000 
8702.70270 -0.0001870087 0.0000000000 0.0000000000 
8714.71471 -0.0001875110 0.0000000000 0.0000000000 
8726.72673 -0.0001880140 0.0000000000 0.0000000000 
8738.73874 -0.0001885176 0.0000000000 0.0000000000 
8750.75075 -0.0001890219 0.0000000000 0.0000000000 
8762.76276 -0.0001895268 0.0000000000 0.0000000000 
8774.77477 -0.0001900323 0.0000000000 0.0000000000 
8786.78679 -0.0001905384 0.0000000000 0.0000000000 
8798.79880 -0.0001910451 0.0000000000 0.0000000000 
8810.81081 -0.0001915525 0.0000000000 0.0000000000 
8822.82282 -0.0001920606 0.0000000000 0.0000000000 
8834.83483 -0.0001925692 0.0000000000 0.0000000000 
8846.84685 -0.0001930785 0.0000000000 0.0000000000 
8858.85886 -0.0001935884 0.0000000000 0.0000000000 
8870.87087 -0.0001940989 0.0000000000 0.0000000000 
8882.88288 -0.0001946100 0.0000000000 0.0000000000 
8894.89489 -0.0001951218 0.0000000000 0.0000000000 
8906.90691 -0.0001956342 0.0000000000 0.0000000000 
8918.91892 -0.0001961472 0.0000000000 0.0000000000 
8930.93093 -0.0001966609 0.0000000000 0.0000000000 
8942.94294 -0.0001971752 0.0000000000 0.0000000000 
8954.95495 -0.0001976901 0.0000000000 0.0000000000 
8966.96697 -0.0001982056 0.0000000000 0.0000000000 
8978.97898 -0.0001987218 0.0000000000 0.0000000000 
8990.99099 -0.0001992386 0.0000000000 0.0000000000 
9003.00300 -0.0001997560 0.0000000000 0.0000000000 
9015.01502 -0.0002002740 0.0000000000 0.0000000000 
9027.02703 -0.0002007926 0.0000000000 0.0000000000 
9039.03904 -0.0002013119 0.0000000000 0.0000000000 
9051.05105 -0.0002018318 0.0000000000 0.0000000000 
9063.06306 -0.0002023523 0.0000000000 0.0000000000 
9075.07508 -0.0002028735 0.0000000000 0.0000000000 
9087.08709 -0.0002033953 0.0000000000 0.0000000000 
9099.09910 -0.0002039177 0.0000000000 0.0000000000 
9111.11111 -0.0002044407 0.0000000000 0.0000000000 
9123.12312 -0.0002049643 0.0000000000 0.0000000000 
9135.13514 -0.0002054886 0.0000000000 0.0000000000 
9147.14715 -0.0002060135 0.0000000000 0.0000000000 
9159.15916 -0.0002065390 0.0000000000 0.0000000000 
9171.17117 -0.0002070651 0.0000000000 0.0000000000 
9183.18318 -0.0002075919 0.0000000000 0.0000000000 
9195.19520 -0.0002081192 0.0000000000 0.0000000000 
9207.20721 -0.0002086472 0.0000000000 0.0000000000 
9219.21922 -0.0002091759 0.0000000000 0.0000000000 
9231.23123 -0.0002097051 0.0000000000 0.0000000000 
9243.24324 -0.0002102350 0.0000000000 0.0000000000 
9255.25526 -0.0002107654 0.0000000000 0.0000000000 
9267.26727 -0.0002112965 0.0000000000 0.0000000000 
9279.27928 -0.0002118283 0.0000000000 0.0000000000 
9291.29129 -0.0002123606 0.0000000000 0.0000000000 
9303.30330 -0.0002128936 0.0000000000 0.0000000000 
9315.31532 -0.0002134271 0.0000000000 0.0000000000 
9327.32733 -0.0002139613 0.0000000000 0.0000000000 
9339.33934 -0.0002144962 0.0000000000 0.0000000000 
9351.35135 -0.0002150316 0.0000000000 0.0000000000 
9363.36336 -0.0002155677 0.0000000000 0.0000000000 
9375.37538 -0.0002161043 0.0000000000 0.0000000000 
9387.38739 -0.0002166416 0.0000000000 0.0000000000 
9399.39940 -0.0002171796 0.0000000000 0.0000000000 
9411.41141 -0.0002177181 0.0000000000 0.0000000000 
9423.42342 -0.0002182572 0.0000000000 0.0000000000 
9435.43544 -0.0002187970 0.0000000000 0.0000000000 
9447.44745 -0.0002193374 0.0000000000 0.0000000000 
9459.45946 -0.0002198784 0.0000000000 0.0000000000 
9471.47147 -0.0002204200 0.0000000000 0.0000000000 
9483.48348 -0.0002209623 0.0000000000 0.0000000000 
9495.49550 -0.0002215051 0.0000000000 0.0000000000 
9507.50751 -0.0002220486 0.0000000000 0.0000000000 
9519.51952 -0.0002225927 0.0000000000 0.0000000000 
9531.53153 -0.0002231374 0.0000000000 0.0000000000 
9543.54354 -0.0002236827 0.0000000000 0.0000000000 
9555.55556 -0.0002242287 0.0000000000 0.0000000000 
9567.56757 -0.0002247752 0.0000000000 0.0000000000 
9579.57958 -0.0002253224 0.0000000000 0.0000000000 
9591.59159 -0.0002258702 0.0000000000 0.0000000000 
9603.60360 -0.0002264186 0.0000000000 0.0000000000 
9615.61562 -0.0002269676 0.0000000000 0.0000000000 
9627.62763 -0.0002275173 0.0000000000 0.0000000000 
9639.63964 -0.0002280675 0.0000000000 0.0000000000 
9651.65165 -0.0002286184 0.0000000000 0.0000000000 
9663.66366 -0.0002291699 0.0000000000 0.0000000000 
9675.67568 -0.0002297220 0.0000000000 0.0000000000 
9687.68769 -0.0002302747 0.0000000000 0.0000000000 
9699.69970 -0.0002308280 0.0000000000 0.0000000000 
9711.71171 -0.0002313819 0.0000000000 0.0000000000 
9723.72372 -0.0002319365 0.0000000000 0.0000000000 
9735.73574 -0.0002324916 0.0000000000 0.0000000000 
9747.74775 -0.0002330474 0.0000000000 0.0000000000 
9759.75976 -0.0002336038 0.0000000000 0.0000000000 
9771.77177 -0.0002341608 0.0000000000 0.0000000000 
9783.78378 -0.0002347184 0.0000000000 0.0000000000 
9795.79580 -0.0002352767 0.0000000000 0.0000000000 
9807.80781 -0.0002358355 0.0000000000 0.0000000000 
9819.81982 -0.0002363950 0.0000000000 0.0000000000 
9831.83183 -0.0002369550 0.0000000000 0.0000000000 
9843.84384 -0.0002375157 0.0000000000 0.0000000000 
9855.85586 -0.0002380770 0.0000000000 0.0000000000 
9867.86787 -0.0002386389 0.0000000000 0.0000000000 
9879.87988 -0.0002392014 0.0000000000 0.0000000000 
9891.89189 -0.0002397646 0.0000000000 0.0000000000 
9903.90390 -0.0002403283 0.0000000000 0.0000000000 
9915.91592 -0.0002408926 0.0000000000 0.0000000000 
9927.92793 -0.0002414576 0.0000000000 0.0000000000 
9939.93994 -0.0002420232 0.0000000000 0.0000000000 
9951.95195 -0.0002425894 0.0000000000 0.0000000000 
9963.96396 -0.0002431561 0.0000000000 0.0000000000 
9975.97598 -0.0002437235 0.0000000000 0.0000000000 
9987.98799 -0.0002442916 0.0000000000 0.0000000000 
10000.00000 -0.0002448602 0.0000000000 0.0000000000 
10012.01201 -0.0002454294 0.0000000000 0.0000000000 
10024.02402 -0.0002459993 0.0000000000 0.0000000000 
10036.03604 -0.0002465697 0.0000000000 0.0000000000 
10048.04805 -0.0002471408 0.0000000000 0.0000000000 
10060.06006 -0.0002477124 0.0000000000 0.0000000000 
10072.07207 -0.0002482847 0.0000000000 0.0000000000 
10084.08408 -0.0002488576 0.0000000000 0.0000000000 
10096.09610 -0.0002494311 0.0000000000 0.0000000000 
10108.10811 -0.0002500052 0.0000000000 0.0000000000 
10120.12012 -0.0002505799 0.0000000000 0.0000000000 
10132.13213 -0.0002511552 0.0000000000 0.0000000000 
10144.14414 -0.0002517312 0.0000000000 0.0000000000 
10156.15616 -0.0002523077 0.0000000000 0.0000000000 
10168.16817 -0.0002528848 0.0000000000 0.0000000000 
10180.18018 -0.0002534626 0.0000000000 0.0000000000 
10192.19219 -0.0002540410 0.0000000000 0.0000000000 
10204.20420 -0.0002546199 0.0000000000 0.0000000000 
10216.21622 -0.0002551995 0.0000000000 0.0000000000 
10228.22823 -0.0002557797 0.0000000000 0.0000000000 
10240.24024 -0.0002563605 0.0000000000 0.0000000000 
10252.25225 -0.0002569418 0.0000000000 0.0000000000 
10264.26426 -0.0002575238 0.0000000000 0.0000000000 
10276.27628 -0.0002581064 0.0000000000 0.0000000000 
10288.28829 -0.0002586897 0.0000000000 0.0000000000 
10300.30030 -0.0002592735 0.0000000000 0.0000000000 
10312.31231 -0.0002598579 0.0000000000 0.0000000000 
10324.32432 -0.0002604429 0.0000000000 0.0000000000 
10336.33634 -0.0002610286 0.0000000000 0.0000000000 
10348.34835 -0.0002616148 0.0000000000 0.0000000000 
10360.36036 -0.0002622016 0.0000000000 0.0000000000 
10372.37237 -0.0002627891 0.0000000000 0.0000000000 
10384.38438 -0.0002633771 0.0000000000 0.0000000000 
10396.39640 -0.0002639658 0.0000000000 0.0000000000 
10408.40841 -0.0002645550 0.0000000000 0.0000000000 
10420.42042 -0.0002651449 0.0000000000 0.0000000000 
10432.43243 -0.0002657354 0.0000000000 0.0000000000 
10444.44444 -0.0002663265 0.0000000000 0.0000000000 
10456.45646 -0.0002669181 0.0000000000 0.0000000000 
10468.46847 -0.0002675104 0.0000000000 0.0000000000 
10480.48048 -0.0002681033 0.0000000000 0.0000000000 
10492.49249 -0.0002686968 0.0000000000 0.0000000000 
10504.50450 -0.0002692909 0.0000000000 0.0000000000 
10516.51652 -0.0002698856 0.0000000000 0.0000000000 
10528.52853 -0.0002704808 0.0000000000 0.0000000000 
10540.54054 -0.0002710767 0.0000000000 0.0000000000 
10552.55255 -0.0002716732 0.0000000000 0.0000000000 
10564.56456 -0.0002722703 0.0000000000 0.0000000000 
10576.57658 -0.0002728680 0.0000000000 0.0000000000 
10588.58859 -0.0002734663 0.0000000000 0.0000000000 
10600.60060 -0.0002740653 0.0000000000 0.0000000000 
10612.61261 -0.0002746648 0.0000000000 0.0000000000 
10624.62462 -0.0002752649 0.0000000000 0.0000000000 
10636.63664 -0.0002758656 0.0000000000 0.0000000000 
10648.64865 -0.0002764669 0.0000000000 0.0000000000 
10660.66066 -0.0002770688 0.0000000000 0.0000000000 
10672.67267 -0.0002776713 0.0000000000 0.0000000000 
10684.68468 -0.0002782744 0.0000000000 0.0000000000 
10696.69670 -0.0002788781 0.0000000000 0.0000000000 
10708.70871 -0.0002794825 0.0000000000 0.0000000000 
10720.72072 -0.0002800874 0.0000000000 0.0000000000 
10732.73273 -0.0002806929 0.0000000000 0.0000000000 
10744.74474 -0.0002812990 0.0000000000 0.0000000000 
10756.75676 -0.0002819057 0.0000000000 0.0000000000 
10768.76877 -0.0002825130 0.0000000000 0.0000000000 
10780.78078 -0.0002831209 0.0000000000 0.0000000000 
10792.79279 -0.0002837295 0.0000000000 0.0000000000 
10804.80480 -0.0002843386 0.0000000000 0.0000000000 
10816.81682 -0.0002849483 0.0000000000 0.0000000000 
10828.82883 -0.0002855586 0.0000000000 0.0000000000 
10840.84084 -0.0002861695 0.0000000000 0.0000000000 
10852.85285 -0.0002867810 0.0000000000 0.0000000000 
10864.86486 -0.0002873931 0.0000000000 0.0000000000 
10876.87688 -0.0002880058 0.0000000000 0.0000000000 
10888.88889 -0.0002886191 0.0000000000 0.0000000000 
10900.90090 -0.0002892330 0.0000000000 0.0000000000 
10912.91291 -0.0002898475 0.0000000000 0.0000000000 
10924.92492 -0.0002904626 0.0000000000 0.0000000000 
10936.93694 -0.0002910783 0.0000000000 0.0000000000 
10948.94895 -0.0002916946 0.0000000000 0.0000000000 
10960.96096 -0.0002923114 0.0000000000 0.0000000000 
10972.97297 -0.0002929289 0.0000000000 0.0000000000 
10984.98498 -0.0002935470 0.0000000000 0.0000000000 
10996.99700 -0.0002941657 0.0000000000 0.0000000000 
11009.00901 -0.0002947849 0.0000000000 0.0000000000 
11021.02102 -0.0002954048 0.0000000000 0.0000000000 
11033.03303 -0.0002960253 0.0000000000 0.0000000000 
11045.04505 -0.0002966463 0.0000000000 0.0000000000 
11057.05706 -0.0002972680 0.0000000000 0.0000000000 
11069.06907 -0.0002978902 0.0000000000 0.0000000000 
11081.08108 -0.0002985131 0.0000000000 0.0000000000 
11093.09309 -0.0002991365 0.0000000000 0.0000000000 
11105.10511 -0.0002997605 0.0000000000 0.0000000000 
11117.11712 -0.0003003852 0.0000000000 0.0000000000 
11129.12913 -0.0003010104 0.0000000000 0.0000000000 
11141.14114 -0.0003016362 0.0000000000 0.0000000000 
11153.15315 -0.0003022626 0.0000000000 0.0000000000 
11165.16517 -0.0003028896 0.0000000000 0.0000000000 
11177.17718 -0.0003035172 0.0000000000 0.0000000000 
11189.18919 -0.0003041454 0.0000000000 0.0000000000 
11201.20120 -0.0003047742 0.0000000000 0.0000000000 
11213.21321 -0.0003054036 0.0000000000 0.0000000000 
11225.22523 -0.0003060336 0.0000000000 0.0000000000 
11237.23724 -0.0003066641 0.0000000000 0.0000000000 
11249.24925 -0.0003072953 0.0000000000 0.0000000000 
11261.26126 -0.0003079271 0.0000000000 0.0000000000 
11273.27327 -0.0003085594 0.0000000000 0.0000000000 
11285.28529 -0.0003091924 0.0000000000 0.0000000000 
11297.29730 -0.0003098259 0.0000000000 0.0000000000 
11309.30931 -0.0003104600 0.0000000000 0.0000000000 
11321.32132 -0.0003110947 0.0000000000 0.0000000000 
11333.33333 -0.0003117301 0.0000000000 0.0000000000 
11345.34535 -0.0003123660 0.0000000000 0.0000000000 
11357.35736 -0.0003130025 0.0000000000 0.0000000000 
11369.36937 -0.0003136395 0.0000000000 0.0000000000 
11381.38138 -0.0003142772 0.0000000000 0.0000000000 
11393.39339 -0.0003149155 0.0000000000 0.0000000000 
11405.40541 -0.0003155544 0.0000000000 0.0000000000 
11417.41742 -0.0003161938 0.0000000000 0.0000000000 
11429.42943 -0.0003168339 0.0000000000 0.0000000000 
11441.44144 -0.0003174745 0.0000000000 0.0000000000 
11453.45345 -0.0003181157 0.0000000000 0.0000000000 
11465.46547 -0.0003187575 0.0000000000 0.0000000000 
11477.47748 -0.0003193999 0.0000000000 0.0000000000 
11489.48949 -0.0003200429 0.0000000000 0.0000000000 
11501.50150 -0.0003206865 0.0000000000 0.0000000000 
11513.51351 -0.0003213307 0.0000000000 0.0000000000 
11525.52553 -0.0003219755 0.0000000000 0.0000000000 
11537.53754 -0.0003226208 0.0000000000 0.0000000000 
11549.54955 -0.0003232668 0.0000000000 0.0000000000 
11561.56156 -0.0003239133 0.0000000000 0.0000000000 
11573.57357 -0.0003245604 0.0000000000 0.0000000000 
11585.58559 -0.0003252081 0.0000000000 0.0000000000 
11597.59760 -0.0003258565 0.0000000000 0.0000000000 
11609.60961 -0.0003265053 0.0000000000 0.0000000000 
11621.62162 -0.0003271548 0.0000000000 0.0000000000 
11633.63363 -0.0003278049 0.0000000000 0.0000000000 
11645.64565 -0.0003284555 0.0000000000 0.0000000000 
11657.65766 -0.0003291068 0.0000000000 0.0000000000 
11669.66967 -0.0003297586 0.0000000000 0.0000000000 
11681.68168 -0.0003304110 0.0000000000 0.0000000000 
11693.69369 -0.0003310641 0.0000000000 0.0000000000 
11705.70571 -0.0003317177 0.0000000000 0.0000000000 
11717.71772 -0.0003323718 0.0000000000 0.0000000000 
11729.72973 -0.0003330266 0.0000000000 0.0000000000 
11741.74174 -0.0003336820 0.0000000000 0.0000000000 
11753.75375 -0.0003343379 0.0000000000 0.0000000000 
11765.76577 -0.0003349944 0.0000000000 0.0000000000 
11777.77778 -0.0003356516 0.0000000000 0.0000000000 
11789.78979 -0.0003363093 0.0000000000 0.0000000000 
11801.80180 -0.0003369676 0.0000000000 0.0000000000 
11813.81381 -0.0003376264 0.0000000000 0.0000000000 
11825.82583 -0.0003382859 0.0000000000 0.0000000000 
11837.83784 -0.0003389460 0.0000000000 0.0000000000 
11849.84985 -0.0003396066 0.0000000000 0.0000000000 
11861.86186 -0.0003402678 0.0000000000 0.0000000000 
11873.87387 -0.0003409296 0.0000000000 0.0000000000 
11885.88589 -0.0003415920 0.0000000000 0.0000000000 
11897.89790 -0.0003422550 0.0000000000 0.0000000000 
11909.90991 -0.0003429186 0.0000000000 0.0000000000 
11921.92192 -0.0003435827 0.0000000000 0.0000000000 
11933.93393 -0.0003442474 0.0000000000 0.0000000000 
11945.94595 -0.0003449128 0.0000000000 0.0000000000 
11957.95796 -0.0003455787 0.0000000000 0.0000000000 
11969.96997 -0.0003462451 0.0000000000 0.0000000000 
11981.98198 -0.0003469122 0.0000000000 0.0000000000 
11993.99399 -0.0003475799 0.0000000000 0.0000000000 
12006.00601 -0.0003482481 0.0000000000 0.0000000000 
12018.01802 -0.0003489169 0.0000000000 0.0000000000 
12030.03003 -0.0003495863 0.0000000000 0.0000000000 
12042.04204 -0.0003502563 0.0000000000 0.0000000000 
12054.05405 -0.0003509269 0.0000000000 0.0000000000 
12066.06607 -0.0003515981 0.0000000000 0.0000000000 
12078.07808 -0.0003522698 0.0000000000 0.0000000000 
12090.09009 -0.0003529421 0.0000000000 0.0000000000 
12102.10210 -0.0003536150 0.0000000000 0.0000000000 
12114.11411 -0.0003542885 0.0000000000 0.0000000000 
12126.12613 -0.0003549626 0.0000000000 0.0000000000 
12138.13814 -0.0003556372 0.0000000000 0.0000000000 
12150.15015 -0.0003563125 0.0000000000 0.0000000000 
12162.16216 -0.0003569883 0.0000000000 0.0000000000 
12174.17417 -0.0003576647 0.0000000000 0.0000000000 
12186.18619 -0.0003583417 0.0000000000 0.0000000000 
12198.19820 -0.0003590192 0.0000000000 0.0000000000 
12210.21021 -0.0003596974 0.0000000000 0.0000000000 
12222.22222 -0.0003603761 0.0000000000 0.0000000000 
12234.23423 -0.0003610554 0.0000000000 0.0000000000 
12246.24625 -0.0003617353 0.0000000000 0.0000000000 
12258.25826 -0.0003624158 0.0000000000 0.0000000000 
12270.27027 -0.0003630968 0.0000000000 0.0000000000 
12282.28228 -0.0003637785 0.0000000000 0.0000000000 
12294.29429 -0.0003644607 0.0000000000 0.0000000000 
12306.30631 -0.0003651435 0.0000000000 0.0000000000 
12318.31832 -0.0003658268 0.0000000000 0.0000000000 
12330.33033 -0.0003665108 0.0000000000 0.0000000000 
12342.34234 -0.0003671953 0.0000000000 0.0000000000 
12354.35435 -0.0003678804 0.0000000000 0.0000000000 
12366.36637 -0.0003685661 0.0000000000 0.0000000000 
12378.37838 -0.0003692524 0.0000000000 0.0000000000 
12390.39039 -0.0003699392 0.0000000000 0.0000000000 
12402.40240 -0.0003706267 0.0000000000 0.0000000000 
12414.41441 -0.0003713147 0.0000000000 0.0000000000 
12426.42643 -0.0003720033 0.0000000000 0.0000000000 
12438.43844 -0.0003726924 0.0000000000 0.0000000000 
12450.45045 -0.0003733822 0.0000000000 0.0000000000 
12462.46246 -0.0003740725 0.0000000000 0.0000000000 
12474.47447 -0.0003747634 0.0000000000 0.0000000000 
12486.48649 -0.0003754549 0.0000000000 0.0000000000 
12498.49850 -0.0003761470 0.0000000000 0.0000000000 
12510.51051 -0.0003768396 0.0000000000 0.0000000000 
12522.52252 -0.0003775328 0.0000000000 0.0000000000 
12534.53453 -0.0003782266 0.0000000000 0.0000000000 
12546.54655 -0.0003789210 0.0000000000 0.0000000000 
12558.55856 -0.0003796159 0.0000000000 0.0000000000 
12570.57057 -0.0003803114 0.0000000000 0.0000000000 
12582.58258 -0.0003810076 0.0000000000 0.0000000000 
12594.59459 -0.0003817042 0.0000000000 0.0000000000 
12606.60661 -0.0003824015 0.0000000000 0.0000000000 
12618.61862 -0.0003830993 0.0000000000 0.0000000000 
12630.63063 -0.0003837977 0.0000000000 0.0000000000 
12642.64264 -0.0003844967 0.0000000000 0.0000000000 
12654.65465 -0.0003851963 0.0000000000 0.0000000000 
12666.66667 -0.0003858964 0.0000000000 0.0000000000 
12678.67868 -0.0003865971 0.0000000000 0.0000000000 
12690.69069 -0.0003872984 0.0000000000 0.0000000000 
12702.70270 -0.0003880003 0.0000000000 0.0000000000 
12714.71471 -0.0003887027 0.0000000000 0.0000000000 
12726.72673 -0.0003894058 0.0000000000 0.0000000000 
12738.73874 -0.0003901094 0.0000000000 0.0000000000 
12750.75075 -0.0003908135 0.0000000000 0.0000000000 
12762.76276 -0.0003915183 0.0000000000 0.0000000000 
12774.77477 -0.0003922236 0.0000000000 0.0000000000 
12786.78679 -0.0003929295 0.0000000000 0.0000000000 
12798.79880 -0.0003936360 0.0000000000 0.0000000000 
12810.81081 -0.0003943430 0.0000000000 0.0000000000 
12822.82282 -0.0003950506 0.0000000000 0.0000000000 
12834.83483 -0.0003957588 0.0000000000 0.0000000000 
12846.84685 -0.0003964676 0.0000000000 0.0000000000 
12858.85886 -0.0003971769 0.0000000000 0.0000000000 
12870.87087 -0.0003978868 0.0000000000 0.0000000000 
12882.88288 -0.0003985973 0.0000000000 0.0000000000 
12894.89489 -0.0003993084 0.0000000000 0.0000000000 
12906.90691 -0.0004000200 0.0000000000 0.0000000000 
12918.91892 -0.0004007322 0.0000000000 0.0000000000 
12930.93093 -0.0004014450 0.0000000000 0.0000000000 
12942.94294 -0.0004021584 0.0000000000 0.0000000000 
12954.95495 -0.0004028723 0.0000000000 0.0000000000 
12966.96697 -0.0004035868 0.0000000000 0.0000000000 
12978.97898 -0.0004043019 0.0000000000 0.0000000000 
12990.99099 -0.0004050175 0.0000000000 0.0000000000 
13003.00300 -0.0004057337 0.0000000000 0.0000000000 
13015.01502 -0.0004064505 0.0000000000 0.0000000000 
13027.02703 -0.0004071679 0.0000000000 0.0000000000 
13039.03904 -0.0004078858 0.0000000000 0.0000000000 
13051.05105 -0.0004086043 0.0000000000 0.0000000000 
13063.06306 -0.0004093234 0.0000000000 0.0000000000 
13075.07508 -0.0004100431 0.0000000000 0.0000000000 
13087.08709 -0.0004107633 0.0000000000 0.0000000000 
13099.09910 -0.0004114841 0.0000000000 0.0000000000 
13111.11111 -0.0004122055 0.0000000000 0.0000000000 
13123.12312 -0.0004129274 0.0000000000 0.0000000000 
13135.13514 -0.0004136499 0.0000000000 0.0000000000 
13147.14715 -0.0004143730 0.0000000000 0.0000000000 
13159.15916 -0.0004150966 0.0000000000 0.0000000000 
13171.17117 -0.0004158208 0.0000000000 0.0000000000 
13183.18318 -0.0004165456 0.0000000000 0.0000000000 
13195.19520 -0.0004172710 0.0000000000 0.0000000000 
13207.20721 -0.0004179969 0.0000000000 0.0000000000 
13219.21922 -0.0004187234 0.0000000000 0.0000000000 
13231.23123 -0.0004194505 0.0000000000 0.0000000000 
13243.24324 -0.0004201781 0.0000000000 0.0000000000 
13255.25526 -0.0004209063 0.0000000000 0.0000000000 
13267.26727 -0.0004216351 0.0000000000 0.0000000000 
13279.27928 -0.0004223645 0.0000000000 0.0000000000 
13291.29129 -0.0004230944 0.0000000000 0.0000000000 
13303.30330 -0.0004238249 0.0000000000 0.0000000000 
13315.31532 -0.0004245559 0.0000000000 0.0000000000 
13327.32733 -0.0004252876 0.0000000000 0.0000000000 
13339.33934 -0.0004260198 0.0000000000 0.0000000000 
13351.35135 -0.0004267525 0.0000000000 0.0000000000 
13363.36336 -0.0004274859 0.0000000000 0.0000000000 
13375.37538 -0.0004282198 0.0000000000 0.0000000000 
13387.38739 -0.0004289542 0.0000000000 0.0000000000 
13399.39940 -0.0004296893 0.0000000000 0.0000000000 
13411.41141 -0.0004304249 0.0000000000 0.0000000000 
13423.42342 -0.0004311610 0.0000000000 0.0000000000 
13435.43544 -0.0004318978 0.0000000000 0.0000000000 
13447.44745 -0.0004326351 0.0000000000 0.0000000000 
13459.45946 -0.0004333730 0.0000000000 0.0000000000 
13471.47147 -0.0004341114 0.0000000000 0.0000000000 
13483.48348 -0.0004348504 0.0000000000 0.0000000000 
13495.49550 -0.0004355900 0.0000000000 0.0000000000 
13507.50751 -0.0004363301 0.0000000000 0.0000000000 
13519.51952 -0.0004370708 0.0000000000 0.0000000000 
13531.53153 -0.0004378121 0.0000000000 0.0000000000 
13543.54354 -0.0004385539 0.0000000000 0.0000000000 
13555.55556 -0.0004392964 0.0000000000 0.0000000000 
13567.56757 -0.0004400393 0.0000000000 0.0000000000 
13579.57958 -0.0004407829 0.0000000000 0.0000000000 
13591.59159 -0.0004415270 0.0000000000 0.0000000000 
13603.60360 -0.0004422717 0.0000000000 0.0000000000 
13615.61562 -0.0004430169 0.0000000000 0.0000000000 
13627.62763 -0.0004437627 0.0000000000 0.0000000000 
13639.63964 -0.0004445091 0.0000000000 0.0000000000 
13651.65165 -0.0004452560 0.0000000000 0.0000000000 
13663.66366 -0.0004460035 0.0000000000 0.0000000000 
13675.67568 -0.0004467516 0.0000000000 0.0000000000 
13687.68769 -0.0004475002 0.0000000000 0.0000000000 
13699.69970 -0.0004482494 0.0000000000 0.0000000000 
13711.71171 -0.0004489992 0.0000000000 0.0000000000 
13723.72372 -0.0004497495 0.0000000000 0.0000000000 
13735.73574 -0.0004505004 0.0000000000 0.0000000000 
13747.74775 -0.0004512518 0.0000000000 0.0000000000 
13759.75976 -0.0004520038 0.0000000000 0.0000000000 
13771.77177 -0.0004527564 0.0000000000 0.0000000000 
13783.78378 -0.0004535096 0.0000000000 0.0000000000 
13795.79580 -0.0004542633 0.0000000000 0.0000000000 
13807.80781 -0.0004550175 0.0000000000 0.0000000000 
13819.81982 -0.0004557724 0.0000000000 0.0000000000 
13831.83183 -0.0004565278 0.0000000000 0.0000000000 
13843.84384 -0.0004572837 0.0000000000 0.0000000000 
13855.85586 -0.0004580403 0.0000000000 0.0000000000 
13867.86787 -0.0004587974 0.0000000000 0.0000000000 
13879.87988 -0.0004595550 0.0000000000 0.0000000000 
13891.89189 -0.0004603132 0.0000000000 0.0000000000 
13903.90390 -0.0004610720 0.0000000000 0.0000000000 
13915.91592 -0.0004618314 0.0000000000 0.0000000000 
13927.92793 -0.0004625913 0.0000000000 0.0000000000 
13939.93994 -0.0004633517 0.0000000000 0.0000000000 
13951.95195 -0.0004641127 0.0000000000 0.0000000000 
13963.96396 -0.0004648743 0.0000000000 0.0000000000 
13975.97598 -0.0004656365 0.0000000000 0.0000000000 
13987.98799 -0.0004663992 0.0000000000 0.0000000000 
14000.00000 -0.0004671625 0.0000000000 0.0000000000 
